+-------+-------+-------+---------+-------+-------+-------+-------+--------+------------+-------------+----------------+------------+--------+--------------------------+
| COUNT |  MIN  |  MAX  |   SUM   |  AVG  |  P1   |  P50  |  P99  | STDDEV | MIN(BODY)  |  MAX(BODY)  |   SUM(BODY)    | AVG(BODY)  | METHOD |           URI            |
+-------+-------+-------+---------+-------+-------+-------+-------+--------+------------+-------------+----------------+------------+--------+--------------------------+
|     1 | 0.022 | 0.022 |   0.022 | 0.022 | 0.022 | 0.022 | 0.022 |  0.000 |      0.000 |       0.000 |          0.000 |      0.000 | GET    | /initialize              |
|    44 | 0.001 | 0.086 |   0.762 | 0.017 | 0.000 | 0.010 | 0.084 |  0.020 |     24.000 |      24.000 |       1056.000 |     24.000 | GET    | /logout                  |
|    75 | 0.004 | 0.144 |   3.528 | 0.047 | 0.004 | 0.040 | 0.139 |  0.038 |      0.000 |       0.000 |          0.000 |      0.000 | POST   | /comment                 |
|    82 | 0.001 | 0.168 |   2.323 | 0.028 | 0.001 | 0.018 | 0.119 |  0.029 |      0.000 |       0.000 |          0.000 |      0.000 | GET    | /admin/banned            |
|    83 | 0.011 | 0.345 |   7.737 | 0.093 | 0.011 | 0.082 | 0.218 |  0.053 |      0.000 |       0.000 |          0.000 |      0.000 | POST   | /register                |
|    86 | 0.001 | 0.100 |   1.382 | 0.016 | 0.001 | 0.009 | 0.082 |  0.019 |    632.000 |     632.000 |      54352.000 |    632.000 | GET    | /login                   |
|   128 | 0.001 | 0.267 |   8.449 | 0.066 | 0.001 | 0.049 | 0.219 |  0.057 |      0.000 |       0.000 |          0.000 |      0.000 | POST   | /                        |
|   189 | 0.048 | 0.644 |  57.120 | 0.302 | 0.048 | 0.280 | 0.626 |  0.124 |   1497.000 |    5392.000 |     616578.000 |   3262.317 | GET    | /@.*                     |
|   299 | 0.003 | 0.741 |  41.951 | 0.140 | 0.003 | 0.074 | 0.616 |  0.166 |    732.000 |    5115.000 |     550557.000 |   1841.328 | GET    | /posts.*                 |
|   417 | 0.001 | 0.289 |  33.052 | 0.079 | 0.004 | 0.067 | 0.244 |  0.053 |      0.000 |       0.000 |          0.000 |      0.000 | POST   | /login                   |
|   459 | 0.001 | 0.110 |   5.188 | 0.011 | 0.000 | 0.006 | 0.061 |  0.014 |   7222.000 |    7222.000 |    3314898.000 |   7222.000 | GET    | /js/jquery.timeago.js    |
|   459 | 0.032 | 0.084 |   5.897 | 0.013 | 0.000 | 0.007 | 0.069 |  0.016 | 258388.000 |  258388.000 |  118600092.000 | 258388.000 | GET    | /js/jquery-2.2.0.js      |
|   460 | 0.001 | 0.106 |   4.749 | 0.010 | 0.000 | 0.004 | 0.065 |  0.014 |   1549.000 |    1549.000 |     712540.000 |   1549.000 | GET    | /css/style.css           |
|   460 | 0.031 | 0.134 |   6.804 | 0.015 | 0.000 | 0.009 | 0.069 |  0.017 |     43.000 |      43.000 |      19780.000 |     43.000 | GET    | /favicon.ico             |
|   460 | 0.009 | 0.083 |   4.647 | 0.010 | 0.000 | 0.005 | 0.055 |  0.012 |    420.000 |     420.000 |     193200.000 |    420.000 | GET    | /js/jquery.timeago.ja.js |
|   460 | 0.001 | 0.086 |   4.526 | 0.010 | 0.000 | 0.005 | 0.059 |  0.013 |    657.000 |     657.000 |     302220.000 |    657.000 | GET    | /js/main.js              |
|   601 | 0.069 | 0.725 | 166.628 | 0.277 | 0.099 | 0.269 | 0.584 |  0.103 |   2735.000 |    6069.000 |    2045551.000 |   3403.579 | GET    | /                        |
|  6946 | 0.001 | 0.424 | 220.047 | 0.032 | 0.001 | 0.021 | 0.145 |  0.033 |  36484.000 | 1095769.000 | 2222575191.000 | 319979.152 | GET    | /image/.*                |
+-------+-------+-------+---------+-------+-------+-------+-------+--------+------------+-------------+----------------+------------+--------+--------------------------+

old:
+-------+-------+-------+---------+-------+-------+-------+-------+--------+------------+-------------+---------------+------------+--------+--------------------------+
| COUNT |  MIN  |  MAX  |   SUM   |  AVG  |  P1   |  P50  |  P99  | STDDEV | MIN(BODY)  |  MAX(BODY)  |   SUM(BODY)   | AVG(BODY)  | METHOD |           URI            |
+-------+-------+-------+---------+-------+-------+-------+-------+--------+------------+-------------+---------------+------------+--------+--------------------------+
|     1 | 0.027 | 0.027 |   0.027 | 0.027 | 0.027 | 0.027 | 0.027 |  0.000 |      0.000 |       0.000 |         0.000 |      0.000 | GET    | /initialize              |
|     8 | 0.003 | 0.127 |   0.406 | 0.051 | 0.003 | 0.042 | 0.076 |  0.039 |      0.000 |       0.000 |         0.000 |      0.000 | POST   | /comment                 |
|    19 | 0.001 | 0.068 |   0.322 | 0.017 | 0.001 | 0.005 | 0.059 |  0.021 |     24.000 |      24.000 |       456.000 |     24.000 | GET    | /logout                  |
|    19 | 0.001 | 0.096 |   0.378 | 0.020 | 0.001 | 0.003 | 0.080 |  0.027 |      0.000 |       0.000 |         0.000 |      0.000 | GET    | /admin/banned            |
|    20 | 0.021 | 0.433 |   3.731 | 0.187 | 0.021 | 0.171 | 0.300 |  0.090 |      0.000 |       0.000 |         0.000 |      0.000 | POST   | /register                |
|    30 | 0.002 | 0.291 |   2.049 | 0.068 | 0.002 | 0.022 | 0.205 |  0.076 |      0.000 |       0.000 |         0.000 |      0.000 | POST   | /                        |
|    33 | 0.001 | 0.084 |   0.567 | 0.017 | 0.001 | 0.005 | 0.059 |  0.020 |    632.000 |     632.000 |     20856.000 |    632.000 | GET    | /login                   |
|    36 | 0.323 | 5.259 | 112.509 | 3.125 | 0.323 | 3.235 | 4.742 |  0.977 |   1856.000 |    4731.000 |    114441.000 |   3178.917 | GET    | /@.*                     |
|    63 | 0.031 | 7.421 |  80.114 | 1.272 | 0.031 | 0.339 | 7.086 |  2.174 |    775.000 |    5115.000 |    119664.000 |   1899.429 | GET    | /posts.*                 |
|   111 | 0.001 | 0.356 |  16.153 | 0.146 | 0.001 | 0.155 | 0.312 |  0.088 |      0.000 |       0.000 |         0.000 |      0.000 | POST   | /login                   |
|   149 | 0.000 | 0.038 |   0.636 | 0.004 | 0.000 | 0.001 | 0.031 |  0.007 |   1549.000 |    1549.000 |    230801.000 |   1549.000 | GET    | /css/style.css           |
|   149 | 0.001 | 0.112 |   1.586 | 0.011 | 0.000 | 0.003 | 0.088 |  0.019 |     43.000 |      43.000 |      6407.000 |     43.000 | GET    | /favicon.ico             |
|   149 | 0.001 | 0.090 |   1.164 | 0.008 | 0.000 | 0.002 | 0.053 |  0.013 |   7222.000 |    7222.000 |   1076078.000 |   7222.000 | GET    | /js/jquery.timeago.js    |
|   150 | 0.001 | 0.075 |   0.954 | 0.006 | 0.000 | 0.001 | 0.037 |  0.011 |    420.000 |     420.000 |     63000.000 |    420.000 | GET    | /js/jquery.timeago.ja.js |
|   150 | 0.000 | 0.107 |   1.056 | 0.007 | 0.000 | 0.002 | 0.041 |  0.013 |    657.000 |     657.000 |     98550.000 |    657.000 | GET    | /js/main.js              |
|   150 | 0.001 | 0.105 |   1.401 | 0.009 | 0.000 | 0.001 | 0.061 |  0.015 | 258388.000 |  258388.000 |  38758200.000 | 258388.000 | GET    | /js/jquery-2.2.0.js      |
|   169 | 0.050 | 7.176 | 321.392 | 1.902 | 0.050 | 0.527 | 7.046 |  2.388 |   3741.000 |    6056.000 |    833412.000 |   4931.432 | GET    | /                        |
|  2406 | 0.019 | 0.233 |  46.439 | 0.019 | 0.000 | 0.006 | 0.136 |  0.029 |  41898.000 | 1057911.000 | 759024846.000 | 315471.673 | GET    | /image/.*                |
+-------+-------+-------+---------+-------+-------+-------+-------+--------+------------+-------------+---------------+------------+--------+--------------------------+
