+-------+-------+-------+---------+-------+-------+-------+-------+--------+------------+-------------+---------------+------------+--------+--------------------------+
| COUNT |  MIN  |  MAX  |   SUM   |  AVG  |  P1   |  P50  |  P99  | STDDEV | MIN(BODY)  |  MAX(BODY)  |   SUM(BODY)   | AVG(BODY)  | METHOD |           URI            |
+-------+-------+-------+---------+-------+-------+-------+-------+--------+------------+-------------+---------------+------------+--------+--------------------------+
|     1 | 0.027 | 0.027 |   0.027 | 0.027 | 0.027 | 0.027 | 0.027 |  0.000 |      0.000 |       0.000 |         0.000 |      0.000 | GET    | /initialize              |
|     8 | 0.003 | 0.127 |   0.406 | 0.051 | 0.003 | 0.042 | 0.076 |  0.039 |      0.000 |       0.000 |         0.000 |      0.000 | POST   | /comment                 |
|    19 | 0.001 | 0.068 |   0.322 | 0.017 | 0.001 | 0.005 | 0.059 |  0.021 |     24.000 |      24.000 |       456.000 |     24.000 | GET    | /logout                  |
|    19 | 0.001 | 0.096 |   0.378 | 0.020 | 0.001 | 0.003 | 0.080 |  0.027 |      0.000 |       0.000 |         0.000 |      0.000 | GET    | /admin/banned            |
|    20 | 0.021 | 0.433 |   3.731 | 0.187 | 0.021 | 0.171 | 0.300 |  0.090 |      0.000 |       0.000 |         0.000 |      0.000 | POST   | /register                |
|    30 | 0.002 | 0.291 |   2.049 | 0.068 | 0.002 | 0.022 | 0.205 |  0.076 |      0.000 |       0.000 |         0.000 |      0.000 | POST   | /                        |
|    33 | 0.001 | 0.084 |   0.567 | 0.017 | 0.001 | 0.005 | 0.059 |  0.020 |    632.000 |     632.000 |     20856.000 |    632.000 | GET    | /login                   |
|    36 | 0.323 | 5.259 | 112.509 | 3.125 | 0.323 | 3.235 | 4.742 |  0.977 |   1856.000 |    4731.000 |    114441.000 |   3178.917 | GET    | /@.*                     |
|    63 | 0.031 | 7.421 |  80.114 | 1.272 | 0.031 | 0.339 | 7.086 |  2.174 |    775.000 |    5115.000 |    119664.000 |   1899.429 | GET    | /posts.*                 |
|   111 | 0.001 | 0.356 |  16.153 | 0.146 | 0.001 | 0.155 | 0.312 |  0.088 |      0.000 |       0.000 |         0.000 |      0.000 | POST   | /login                   |
|   149 | 0.000 | 0.038 |   0.636 | 0.004 | 0.000 | 0.001 | 0.031 |  0.007 |   1549.000 |    1549.000 |    230801.000 |   1549.000 | GET    | /css/style.css           |
|   149 | 0.001 | 0.112 |   1.586 | 0.011 | 0.000 | 0.003 | 0.088 |  0.019 |     43.000 |      43.000 |      6407.000 |     43.000 | GET    | /favicon.ico             |
|   149 | 0.001 | 0.090 |   1.164 | 0.008 | 0.000 | 0.002 | 0.053 |  0.013 |   7222.000 |    7222.000 |   1076078.000 |   7222.000 | GET    | /js/jquery.timeago.js    |
|   150 | 0.001 | 0.075 |   0.954 | 0.006 | 0.000 | 0.001 | 0.037 |  0.011 |    420.000 |     420.000 |     63000.000 |    420.000 | GET    | /js/jquery.timeago.ja.js |
|   150 | 0.000 | 0.107 |   1.056 | 0.007 | 0.000 | 0.002 | 0.041 |  0.013 |    657.000 |     657.000 |     98550.000 |    657.000 | GET    | /js/main.js              |
|   150 | 0.001 | 0.105 |   1.401 | 0.009 | 0.000 | 0.001 | 0.061 |  0.015 | 258388.000 |  258388.000 |  38758200.000 | 258388.000 | GET    | /js/jquery-2.2.0.js      |
|   169 | 0.050 | 7.176 | 321.392 | 1.902 | 0.050 | 0.527 | 7.046 |  2.388 |   3741.000 |    6056.000 |    833412.000 |   4931.432 | GET    | /                        |
|  2406 | 0.019 | 0.233 |  46.439 | 0.019 | 0.000 | 0.006 | 0.136 |  0.029 |  41898.000 | 1057911.000 | 759024846.000 | 315471.673 | GET    | /image/.*                |
+-------+-------+-------+---------+-------+-------+-------+-------+--------+------------+-------------+---------------+------------+--------+--------------------------+
