+-------+-------+-------+---------+-------+-------+-------+-------+--------+-------------+-------------+--------------+-------------+--------+---------------------------------------------------------+
| COUNT |  MIN  |  MAX  |   SUM   |  AVG  |  P1   |  P50  |  P99  | STDDEV |  MIN(BODY)  |  MAX(BODY)  |  SUM(BODY)   |  AVG(BODY)  | METHOD |                           URI                           |
+-------+-------+-------+---------+-------+-------+-------+-------+--------+-------------+-------------+--------------+-------------+--------+---------------------------------------------------------+
|   169 | 0.050 | 7.176 | 321.392 | 1.902 | 0.050 | 0.527 | 7.046 |  2.388 |    3741.000 |    6056.000 |   833412.000 |    4931.432 | GET    | /                                                       |
|     3 | 4.141 | 6.954 |  17.157 | 5.719 | 4.141 | 4.141 | 6.062 |  1.174 |    4965.000 |    4965.000 |    14895.000 |    4965.000 | GET    | /posts?max_created_at=2016-01-02T11%3A46%3A25%2B09%3A00 |
|   111 | 0.001 | 0.356 |  16.153 | 0.146 | 0.001 | 0.155 | 0.312 |  0.088 |       0.000 |       0.000 |        0.000 |       0.000 | POST   | /login                                                  |
|     4 | 1.709 | 6.896 |  15.829 | 3.957 | 1.709 | 1.876 | 5.348 |  2.234 |    5115.000 |    5115.000 |    20460.000 |    5115.000 | GET    | /posts?max_created_at=2016-01-02T11%3A46%3A30%2B09%3A00 |
|     2 | 4.860 | 6.345 |  11.205 | 5.603 | 4.860 | 4.860 | 4.860 |  0.742 |    5069.000 |    5069.000 |    10138.000 |    5069.000 | GET    | /posts?max_created_at=2016-01-02T11%3A46%3A22%2B09%3A00 |
|     1 | 7.421 | 7.421 |   7.421 | 7.421 | 7.421 | 7.421 | 7.421 |  0.000 |    5032.000 |    5032.000 |     5032.000 |    5032.000 | GET    | /posts?max_created_at=2016-01-02T11%3A46%3A24%2B09%3A00 |
|     1 | 7.086 | 7.086 |   7.086 | 7.086 | 7.086 | 7.086 | 7.086 |  0.000 |    5055.000 |    5055.000 |     5055.000 |    5055.000 | GET    | /posts?max_created_at=2016-01-02T11%3A46%3A29%2B09%3A00 |
|     1 | 6.366 | 6.366 |   6.366 | 6.366 | 6.366 | 6.366 | 6.366 |  0.000 |    5042.000 |    5042.000 |     5042.000 |    5042.000 | GET    | /posts?max_created_at=2016-01-02T11%3A46%3A26%2B09%3A00 |
|     1 | 5.259 | 5.259 |   5.259 | 5.259 | 5.259 | 5.259 | 5.259 |  0.000 |    4039.000 |    4039.000 |     4039.000 |    4039.000 | GET    | /@susanne                                               |
|     1 | 4.742 | 4.742 |   4.742 | 4.742 | 4.742 | 4.742 | 4.742 |  0.000 |    4068.000 |    4068.000 |     4068.000 |    4068.000 | GET    | /@rachael                                               |
|     1 | 4.110 | 4.110 |   4.110 | 4.110 | 4.110 | 4.110 | 4.110 |  0.000 |    3552.000 |    3552.000 |     3552.000 |    3552.000 | GET    | /@latoya                                                |
|     1 | 3.989 | 3.989 |   3.989 | 3.989 | 3.989 | 3.989 | 3.989 |  0.000 |    4731.000 |    4731.000 |     4731.000 |    4731.000 | GET    | /@kayla                                                 |
|     1 | 3.964 | 3.964 |   3.964 | 3.964 | 3.964 | 3.964 | 3.964 |  0.000 |    3248.000 |    3248.000 |     3248.000 |    3248.000 | GET    | /@lupe                                                  |
|     1 | 3.953 | 3.953 |   3.953 | 3.953 | 3.953 | 3.953 | 3.953 |  0.000 |    3829.000 |    3829.000 |     3829.000 |    3829.000 | GET    | /@carla                                                 |
|     1 | 3.871 | 3.871 |   3.871 | 3.871 | 3.871 | 3.871 | 3.871 |  0.000 |    3292.000 |    3292.000 |     3292.000 |    3292.000 | GET    | /@araceli                                               |
|     1 | 3.860 | 3.860 |   3.860 | 3.860 | 3.860 | 3.860 | 3.860 |  0.000 |    4116.000 |    4116.000 |     4116.000 |    4116.000 | GET    | /@monique                                               |
|    20 | 0.021 | 0.433 |   3.731 | 0.187 | 0.021 | 0.171 | 0.300 |  0.090 |       0.000 |       0.000 |        0.000 |       0.000 | POST   | /register                                               |
|     1 | 3.720 | 3.720 |   3.720 | 3.720 | 3.720 | 3.720 | 3.720 |  0.000 |    3101.000 |    3101.000 |     3101.000 |    3101.000 | GET    | /@delia                                                 |
|     1 | 3.686 | 3.686 |   3.686 | 3.686 | 3.686 | 3.686 | 3.686 |  0.000 |    3216.000 |    3216.000 |     3216.000 |    3216.000 | GET    | /@lara                                                  |
|     1 | 3.677 | 3.677 |   3.677 | 3.677 | 3.677 | 3.677 | 3.677 |  0.000 |    3672.000 |    3672.000 |     3672.000 |    3672.000 | GET    | /@shelley                                               |
|     1 | 3.676 | 3.676 |   3.676 | 3.676 | 3.676 | 3.676 | 3.676 |  0.000 |    3021.000 |    3021.000 |     3021.000 |    3021.000 | GET    | /@genevieve                                             |
|     1 | 3.669 | 3.669 |   3.669 | 3.669 | 3.669 | 3.669 | 3.669 |  0.000 |    3410.000 |    3410.000 |     3410.000 |    3410.000 | GET    | /@mariana                                               |
|     1 | 3.568 | 3.568 |   3.568 | 3.568 | 3.568 | 3.568 | 3.568 |  0.000 |    3453.000 |    3453.000 |     3453.000 |    3453.000 | GET    | /@samantha                                              |
|     1 | 3.439 | 3.439 |   3.439 | 3.439 | 3.439 | 3.439 | 3.439 |  0.000 |    3169.000 |    3169.000 |     3169.000 |    3169.000 | GET    | /@briana                                                |
|     1 | 3.409 | 3.409 |   3.409 | 3.409 | 3.409 | 3.409 | 3.409 |  0.000 |    3121.000 |    3121.000 |     3121.000 |    3121.000 | GET    | /@milagros                                              |
|     1 | 3.405 | 3.405 |   3.405 | 3.405 | 3.405 | 3.405 | 3.405 |  0.000 |    3585.000 |    3585.000 |     3585.000 |    3585.000 | GET    | /@frieda                                                |
|     1 | 3.313 | 3.313 |   3.313 | 3.313 | 3.313 | 3.313 | 3.313 |  0.000 |    3098.000 |    3098.000 |     3098.000 |    3098.000 | GET    | /@lesa                                                  |
|     1 | 3.235 | 3.235 |   3.235 | 3.235 | 3.235 | 3.235 | 3.235 |  0.000 |    3346.000 |    3346.000 |     3346.000 |    3346.000 | GET    | /@denise                                                |
|     1 | 3.214 | 3.214 |   3.214 | 3.214 | 3.214 | 3.214 | 3.214 |  0.000 |    3199.000 |    3199.000 |     3199.000 |    3199.000 | GET    | /@aurora                                                |
|     1 | 3.087 | 3.087 |   3.087 | 3.087 | 3.087 | 3.087 | 3.087 |  0.000 |    2771.000 |    2771.000 |     2771.000 |    2771.000 | GET    | /@melody                                                |
|     1 | 3.080 | 3.080 |   3.080 | 3.080 | 3.080 | 3.080 | 3.080 |  0.000 |    3882.000 |    3882.000 |     3882.000 |    3882.000 | GET    | /@myrna                                                 |
|     1 | 3.052 | 3.052 |   3.052 | 3.052 | 3.052 | 3.052 | 3.052 |  0.000 |    2759.000 |    2759.000 |     2759.000 |    2759.000 | GET    | /@holly                                                 |
|     1 | 2.923 | 2.923 |   2.923 | 2.923 | 2.923 | 2.923 | 2.923 |  0.000 |    3029.000 |    3029.000 |     3029.000 |    3029.000 | GET    | /@lavonne                                               |
|    92 | 0.002 | 0.138 |   2.923 | 0.032 | 0.002 | 0.022 | 0.112 |  0.030 | 1057882.000 | 1057911.000 | 97326388.000 | 1057895.522 | GET    | /image/10000.png                                        |
|     1 | 2.803 | 2.803 |   2.803 | 2.803 | 2.803 | 2.803 | 2.803 |  0.000 |    2761.000 |    2761.000 |     2761.000 |    2761.000 | GET    | /@kendra                                                |
|     1 | 2.788 | 2.788 |   2.788 | 2.788 | 2.788 | 2.788 | 2.788 |  0.000 |    3143.000 |    3143.000 |     3143.000 |    3143.000 | GET    | /@eva                                                   |
|     1 | 2.783 | 2.783 |   2.783 | 2.783 | 2.783 | 2.783 | 2.783 |  0.000 |    3507.000 |    3507.000 |     3507.000 |    3507.000 | GET    | /@tara                                                  |
|     1 | 2.699 | 2.699 |   2.699 | 2.699 | 2.699 | 2.699 | 2.699 |  0.000 |    3469.000 |    3469.000 |     3469.000 |    3469.000 | GET    | /@anna                                                  |
|     2 | 0.789 | 1.846 |   2.635 | 1.318 | 0.789 | 0.789 | 0.789 |  0.529 |    1856.000 |    1910.000 |     3766.000 |    1883.000 | GET    | /@brandy                                                |
|    75 | 0.001 | 0.153 |   2.460 | 0.033 | 0.001 | 0.014 | 0.145 |  0.040 |  756561.000 |  756600.000 | 56743995.000 |  756586.600 | GET    | /image/10126.png                                        |
|     1 | 2.301 | 2.301 |   2.301 | 2.301 | 2.301 | 2.301 | 2.301 |  0.000 |    2457.000 |    2457.000 |     2457.000 |    2457.000 | GET    | /@bridgett                                              |
|     1 | 2.277 | 2.277 |   2.277 | 2.277 | 2.277 | 2.277 | 2.277 |  0.000 |    2490.000 |    2490.000 |     2490.000 |    2490.000 | GET    | /@estelle                                               |
|     1 | 2.231 | 2.231 |   2.231 | 2.231 | 2.231 | 2.231 | 2.231 |  0.000 |    2336.000 |    2336.000 |     2336.000 |    2336.000 | GET    | /@concetta                                              |
|     1 | 2.108 | 2.108 |   2.108 | 2.108 | 2.108 | 2.108 | 2.108 |  0.000 |    2638.000 |    2638.000 |     2638.000 |    2638.000 | GET    | /@alisa                                                 |
|    83 | 0.001 | 0.147 |   2.082 | 0.025 | 0.000 | 0.010 | 0.131 |  0.033 |   78627.000 |   78634.000 |  6526359.000 |   78630.831 | GET    | /image/10125.jpg                                        |
|    93 | 0.001 | 0.121 |   2.077 | 0.022 | 0.001 | 0.010 | 0.113 |  0.028 |  881466.000 |  881505.000 | 81977400.000 |  881477.419 | GET    | /image/10124.png                                        |
|    30 | 0.002 | 0.291 |   2.049 | 0.068 | 0.002 | 0.022 | 0.205 |  0.076 |       0.000 |       0.000 |        0.000 |       0.000 | POST   | /                                                       |
|    92 | 0.001 | 0.125 |   1.994 | 0.022 | 0.000 | 0.010 | 0.114 |  0.026 |   90021.000 |   90036.000 |  8282601.000 |   90028.272 | GET    | /image/9999.jpg                                         |
|    65 | 0.001 | 0.233 |   1.972 | 0.030 | 0.001 | 0.012 | 0.126 |  0.040 |  892985.000 |  892992.000 | 58044217.000 |  892987.954 | GET    | /image/10127.png                                        |
|    92 | 0.005 | 0.104 |   1.823 | 0.020 | 0.000 | 0.006 | 0.097 |  0.027 |   61709.000 |   61739.000 |  5678554.000 |   61723.413 | GET    | /image/9998.jpg                                         |
|    50 | 0.001 | 0.172 |   1.731 | 0.035 | 0.001 | 0.016 | 0.160 |  0.041 |  756578.000 |  756601.000 | 37829298.000 |  756585.960 | GET    | /image/10129.png                                        |
|    92 | 0.001 | 0.108 |   1.672 | 0.018 | 0.000 | 0.008 | 0.101 |  0.025 |  176577.000 |  176608.000 | 16246566.000 |  176593.109 | GET    | /image/9997.jpg                                         |
|     1 | 1.660 | 1.660 |   1.660 | 1.660 | 1.660 | 1.660 | 1.660 |  0.000 |    1915.000 |    1915.000 |     1915.000 |    1915.000 | GET    | /@inez                                                  |
|    76 | 0.001 | 0.128 |   1.648 | 0.022 | 0.000 | 0.006 | 0.127 |  0.030 |  153638.000 |  153645.000 | 11676715.000 |  153640.987 | GET    | /image/9991.jpg                                         |
|   149 | 0.001 | 0.112 |   1.586 | 0.011 | 0.000 | 0.003 | 0.088 |  0.019 |      43.000 |      43.000 |     6407.000 |      43.000 | GET    | /favicon.ico                                            |
|    58 | 0.002 | 0.177 |   1.582 | 0.027 | 0.002 | 0.014 | 0.108 |  0.034 |  948823.000 |  948854.000 | 55032436.000 |  948835.103 | GET    | /image/10128.png                                        |
|    92 | 0.000 | 0.138 |   1.566 | 0.017 | 0.000 | 0.006 | 0.115 |  0.026 |  123497.000 |  123512.000 | 11362343.000 |  123503.728 | GET    | /image/9995.jpg                                         |
|    92 | 0.001 | 0.141 |   1.440 | 0.016 | 0.001 | 0.006 | 0.089 |  0.024 |  375218.000 |  375225.000 | 34520316.000 |  375220.826 | GET    | /image/9996.jpg                                         |
|    45 | 0.001 | 0.182 |   1.416 | 0.031 | 0.001 | 0.011 | 0.129 |  0.042 |  890302.000 |  890309.000 | 40063751.000 |  890305.578 | GET    | /image/10130.png                                        |
|   150 | 0.001 | 0.105 |   1.401 | 0.009 | 0.000 | 0.001 | 0.061 |  0.015 |  258388.000 |  258388.000 | 38758200.000 |  258388.000 | GET    | /js/jquery-2.2.0.js                                     |
|    86 | 0.001 | 0.093 |   1.228 | 0.014 | 0.000 | 0.004 | 0.090 |  0.021 |  105247.000 |  105278.000 |  9052237.000 |  105258.570 | GET    | /image/9994.jpg                                         |
|    74 | 0.001 | 0.194 |   1.215 | 0.016 | 0.000 | 0.004 | 0.093 |  0.030 |  102464.000 |  102494.000 |  7583223.000 |  102475.986 | GET    | /image/9990.jpg                                         |
|    65 | 0.001 | 0.157 |   1.180 | 0.018 | 0.000 | 0.002 | 0.128 |  0.033 |  111615.000 |  111647.000 |  7256965.000 |  111645.615 | GET    | /image/9988.jpg                                         |
|   149 | 0.001 | 0.090 |   1.164 | 0.008 | 0.000 | 0.002 | 0.053 |  0.013 |    7222.000 |    7222.000 |  1076078.000 |    7222.000 | GET    | /js/jquery.timeago.js                                   |
|    79 | 0.001 | 0.119 |   1.075 | 0.014 | 0.000 | 0.005 | 0.089 |  0.022 |   85630.000 |   85653.000 |  6765716.000 |   85641.975 | GET    | /image/9993.jpg                                         |
|   150 | 0.000 | 0.107 |   1.056 | 0.007 | 0.000 | 0.002 | 0.041 |  0.013 |     657.000 |     657.000 |    98550.000 |     657.000 | GET    | /js/main.js                                             |
|   150 | 0.001 | 0.075 |   0.954 | 0.006 | 0.000 | 0.001 | 0.037 |  0.011 |     420.000 |     420.000 |    63000.000 |     420.000 | GET    | /js/jquery.timeago.ja.js                                |
|    71 | 0.001 | 0.094 |   0.922 | 0.013 | 0.000 | 0.002 | 0.071 |  0.019 |  107553.000 |  107591.000 |  7637371.000 |  107568.606 | GET    | /image/9989.jpg                                         |
|    61 | 0.001 | 0.136 |   0.828 | 0.014 | 0.001 | 0.003 | 0.083 |  0.024 |  367761.000 |  367799.000 | 22434026.000 |  367770.918 | GET    | /image/9987.jpg                                         |
|    37 | 0.001 | 0.173 |   0.805 | 0.022 | 0.001 | 0.011 | 0.083 |  0.033 |  859101.000 |  859139.000 | 31787769.000 |  859128.892 | GET    | /image/10131.png                                        |
|    54 | 0.001 | 0.142 |   0.706 | 0.013 | 0.000 | 0.002 | 0.100 |  0.026 |   86717.000 |   86732.000 |  4682904.000 |   86720.444 | GET    | /image/9986.jpg                                         |
|    52 | 0.000 | 0.198 |   0.690 | 0.013 | 0.000 | 0.002 | 0.092 |  0.031 |   83349.000 |   83371.000 |  4334707.000 |   83359.750 | GET    | /image/9985.jpg                                         |
|     2 | 0.284 | 0.366 |   0.650 | 0.325 | 0.284 | 0.284 | 0.284 |  0.041 |     794.000 |     876.000 |     1670.000 |     835.000 | GET    | /posts/10128                                            |
|   149 | 0.000 | 0.038 |   0.636 | 0.004 | 0.000 | 0.001 | 0.031 |  0.007 |    1549.000 |    1549.000 |   230801.000 |    1549.000 | GET    | /css/style.css                                          |
|    27 | 0.001 | 0.077 |   0.633 | 0.023 | 0.001 | 0.009 | 0.077 |  0.025 |  942011.000 |  942034.000 | 25434571.000 |  942021.148 | GET    | /image/10133.png                                        |
|    45 | 0.000 | 0.111 |   0.631 | 0.014 | 0.000 | 0.003 | 0.062 |  0.023 |   98166.000 |   98198.000 |  4418252.000 |   98183.378 | GET    | /image/9983.jpg                                         |
|    33 | 0.001 | 0.080 |   0.581 | 0.018 | 0.001 | 0.011 | 0.076 |  0.021 |  698416.000 |  698454.000 | 23048153.000 |  698428.879 | GET    | /image/10132.png                                        |
|    33 | 0.001 | 0.084 |   0.567 | 0.017 | 0.001 | 0.005 | 0.059 |  0.020 |     632.000 |     632.000 |    20856.000 |     632.000 | GET    | /login                                                  |
|    17 | 0.001 | 0.152 |   0.539 | 0.032 | 0.000 | 0.008 | 0.135 |  0.047 |  110029.000 |  110067.000 |  1870762.000 |  110044.824 | GET    | /image/10135.jpg                                        |
|     2 | 0.172 | 0.332 |   0.504 | 0.252 | 0.172 | 0.172 | 0.172 |  0.080 |    1225.000 |    1351.000 |     2576.000 |    1288.000 | GET    | /posts/9772                                             |
|     1 | 0.491 | 0.491 |   0.491 | 0.491 | 0.491 | 0.491 | 0.491 |  0.000 |    1251.000 |    1251.000 |     1251.000 |    1251.000 | GET    | /posts/8212                                             |
|     1 | 0.488 | 0.488 |   0.488 | 0.488 | 0.488 | 0.488 | 0.488 |  0.000 |    1269.000 |    1269.000 |     1269.000 |    1269.000 | GET    | /posts/9907                                             |
|     1 | 0.471 | 0.471 |   0.471 | 0.471 | 0.471 | 0.471 | 0.471 |  0.000 |    1048.000 |    1048.000 |     1048.000 |    1048.000 | GET    | /posts/9861                                             |
|    23 | 0.006 | 0.090 |   0.463 | 0.020 | 0.000 | 0.006 | 0.072 |  0.026 |   57898.000 |   57921.000 |  1331830.000 |   57905.652 | GET    | /image/10134.jpg                                        |
|     1 | 0.462 | 0.462 |   0.462 | 0.462 | 0.462 | 0.462 | 0.462 |  0.000 |    1522.000 |    1522.000 |     1522.000 |    1522.000 | GET    | /posts/9745                                             |
|     1 | 0.457 | 0.457 |   0.457 | 0.457 | 0.457 | 0.457 | 0.457 |  0.000 |     836.000 |     836.000 |      836.000 |     836.000 | GET    | /posts/10125                                            |
|     1 | 0.442 | 0.442 |   0.442 | 0.442 | 0.442 | 0.442 | 0.442 |  0.000 |    1484.000 |    1484.000 |     1484.000 |    1484.000 | GET    | /posts/9488                                             |
|     1 | 0.434 | 0.434 |   0.434 | 0.434 | 0.434 | 0.434 | 0.434 |  0.000 |    1167.000 |    1167.000 |     1167.000 |    1167.000 | GET    | /posts/9659                                             |
|     1 | 0.429 | 0.429 |   0.429 | 0.429 | 0.429 | 0.429 | 0.429 |  0.000 |    1300.000 |    1300.000 |     1300.000 |    1300.000 | GET    | /posts/9632                                             |
|     1 | 0.423 | 0.423 |   0.423 | 0.423 | 0.423 | 0.423 | 0.423 |  0.000 |     775.000 |     775.000 |      775.000 |     775.000 | GET    | /posts/10130                                            |
|     1 | 0.420 | 0.420 |   0.420 | 0.420 | 0.420 | 0.420 | 0.420 |  0.000 |    1220.000 |    1220.000 |     1220.000 |    1220.000 | GET    | /posts/9570                                             |
|    30 | 0.000 | 0.192 |   0.417 | 0.014 | 0.000 | 0.001 | 0.050 |  0.036 |   81479.000 |   81486.000 |  2444432.000 |   81481.067 | GET    | /image/9981.jpg                                         |
|     1 | 0.407 | 0.407 |   0.407 | 0.407 | 0.407 | 0.407 | 0.407 |  0.000 |     804.000 |     804.000 |      804.000 |     804.000 | GET    | /posts/10137                                            |
|     8 | 0.003 | 0.127 |   0.406 | 0.051 | 0.003 | 0.042 | 0.076 |  0.039 |       0.000 |       0.000 |        0.000 |       0.000 | POST   | /comment                                                |
|    14 | 0.001 | 0.103 |   0.391 | 0.028 | 0.001 | 0.019 | 0.066 |  0.027 |  907464.000 |  907486.000 | 12704679.000 |  907477.071 | GET    | /image/10136.png                                        |
|     1 | 0.390 | 0.390 |   0.390 | 0.390 | 0.390 | 0.390 | 0.390 |  0.000 |    1422.000 |    1422.000 |     1422.000 |    1422.000 | GET    | /posts/9146                                             |
|     1 | 0.389 | 0.389 |   0.389 | 0.389 | 0.389 | 0.389 | 0.389 |  0.000 |     843.000 |     843.000 |      843.000 |     843.000 | GET    | /posts/10129                                            |
|    19 | 0.001 | 0.096 |   0.378 | 0.020 | 0.001 | 0.003 | 0.080 |  0.027 |       0.000 |       0.000 |        0.000 |       0.000 | GET    | /admin/banned                                           |
|     1 | 0.366 | 0.366 |   0.366 | 0.366 | 0.366 | 0.366 | 0.366 |  0.000 |    1500.000 |    1500.000 |     1500.000 |    1500.000 | GET    | /posts/9920                                             |
|     1 | 0.359 | 0.359 |   0.359 | 0.359 | 0.359 | 0.359 | 0.359 |  0.000 |     793.000 |     793.000 |      793.000 |     793.000 | GET    | /posts/10131                                            |
|    12 | 0.001 | 0.231 |   0.356 | 0.030 | 0.000 | 0.002 | 0.040 |  0.062 |  263453.000 |  263459.000 |  3161454.000 |  263454.500 | GET    | /image/9969.jpg                                         |
|     1 | 0.352 | 0.352 |   0.352 | 0.352 | 0.352 | 0.352 | 0.352 |  0.000 |    1469.000 |    1469.000 |     1469.000 |    1469.000 | GET    | /posts/9106                                             |
|     1 | 0.351 | 0.351 |   0.351 | 0.351 | 0.351 | 0.351 | 0.351 |  0.000 |     840.000 |     840.000 |      840.000 |     840.000 | GET    | /posts/10127                                            |
|     1 | 0.343 | 0.343 |   0.343 | 0.343 | 0.343 | 0.343 | 0.343 |  0.000 |    1352.000 |    1352.000 |     1352.000 |    1352.000 | GET    | /posts/9723                                             |
|     1 | 0.342 | 0.342 |   0.342 | 0.342 | 0.342 | 0.342 | 0.342 |  0.000 |    1276.000 |    1276.000 |     1276.000 |    1276.000 | GET    | /posts/9467                                             |
|     1 | 0.339 | 0.339 |   0.339 | 0.339 | 0.339 | 0.339 | 0.339 |  0.000 |    1324.000 |    1324.000 |     1324.000 |    1324.000 | GET    | /posts/8920                                             |
|     1 | 0.330 | 0.330 |   0.330 | 0.330 | 0.330 | 0.330 | 0.330 |  0.000 |    1255.000 |    1255.000 |     1255.000 |    1255.000 | GET    | /posts/7493                                             |
|     1 | 0.329 | 0.329 |   0.329 | 0.329 | 0.329 | 0.329 | 0.329 |  0.000 |     833.000 |     833.000 |      833.000 |     833.000 | GET    | /posts/10126                                            |
|     1 | 0.323 | 0.323 |   0.323 | 0.323 | 0.323 | 0.323 | 0.323 |  0.000 |    3252.000 |    3252.000 |     3252.000 |    3252.000 | GET    | /@ines                                                  |
|    19 | 0.001 | 0.068 |   0.322 | 0.017 | 0.001 | 0.005 | 0.059 |  0.021 |      24.000 |      24.000 |      456.000 |      24.000 | GET    | /logout                                                 |
|     1 | 0.315 | 0.315 |   0.315 | 0.315 | 0.315 | 0.315 | 0.315 |  0.000 |    1042.000 |    1042.000 |     1042.000 |    1042.000 | GET    | /posts/9549                                             |
|     1 | 0.304 | 0.304 |   0.304 | 0.304 | 0.304 | 0.304 | 0.304 |  0.000 |    1443.000 |    1443.000 |     1443.000 |    1443.000 | GET    | /posts/8545                                             |
|    12 | 0.000 | 0.151 |   0.297 | 0.025 | 0.000 | 0.001 | 0.062 |  0.043 |  128628.000 |  128643.000 |  1543594.000 |  128632.833 | GET    | /image/9974.jpg                                         |
|     1 | 0.295 | 0.295 |   0.295 | 0.295 | 0.295 | 0.295 | 0.295 |  0.000 |     831.000 |     831.000 |      831.000 |     831.000 | GET    | /posts/10136                                            |
|    40 | 0.000 | 0.086 |   0.294 | 0.007 | 0.000 | 0.002 | 0.025 |  0.014 |  150014.000 |  150046.000 |  6001769.000 |  150044.225 | GET    | /image/9982.jpg                                         |
|    12 | 0.000 | 0.149 |   0.269 | 0.022 | 0.000 | 0.001 | 0.056 |  0.042 |   45478.000 |   45492.000 |   545785.000 |   45482.083 | GET    | /image/9972.jpg                                         |
|     1 | 0.262 | 0.262 |   0.262 | 0.262 | 0.262 | 0.262 | 0.262 |  0.000 |    1452.000 |    1452.000 |     1452.000 |    1452.000 | GET    | /posts/8693                                             |
|     1 | 0.258 | 0.258 |   0.258 | 0.258 | 0.258 | 0.258 | 0.258 |  0.000 |     793.000 |     793.000 |      793.000 |     793.000 | GET    | /posts/10138                                            |
|     1 | 0.253 | 0.253 |   0.253 | 0.253 | 0.253 | 0.253 | 0.253 |  0.000 |    1273.000 |    1273.000 |     1273.000 |    1273.000 | GET    | /posts/9872                                             |
|     1 | 0.244 | 0.244 |   0.244 | 0.244 | 0.244 | 0.244 | 0.244 |  0.000 |     819.000 |     819.000 |      819.000 |     819.000 | GET    | /posts/10132                                            |
|     1 | 0.227 | 0.227 |   0.227 | 0.227 | 0.227 | 0.227 | 0.227 |  0.000 |    1165.000 |    1165.000 |     1165.000 |    1165.000 | GET    | /posts/8731                                             |
|     1 | 0.227 | 0.227 |   0.227 | 0.227 | 0.227 | 0.227 | 0.227 |  0.000 |    1539.000 |    1539.000 |     1539.000 |    1539.000 | GET    | /posts/8144                                             |
|     1 | 0.223 | 0.223 |   0.223 | 0.223 | 0.223 | 0.223 | 0.223 |  0.000 |  158872.000 |  158872.000 |   158872.000 |  158872.000 | GET    | /image/865.jpg                                          |
|     1 | 0.222 | 0.222 |   0.222 | 0.222 | 0.222 | 0.222 | 0.222 |  0.000 |     807.000 |     807.000 |      807.000 |     807.000 | GET    | /posts/10134                                            |
|     1 | 0.222 | 0.222 |   0.222 | 0.222 | 0.222 | 0.222 | 0.222 |  0.000 |    1590.000 |    1590.000 |     1590.000 |    1590.000 | GET    | /posts/9600                                             |
|    12 | 0.000 | 0.085 |   0.221 | 0.018 | 0.000 | 0.001 | 0.078 |  0.030 |   58689.000 |   58712.000 |   704360.000 |   58696.667 | GET    | /image/9973.jpg                                         |
|     1 | 0.217 | 0.217 |   0.217 | 0.217 | 0.217 | 0.217 | 0.217 |  0.000 |    1591.000 |    1591.000 |     1591.000 |    1591.000 | GET    | /posts/9118                                             |
|     1 | 0.216 | 0.216 |   0.216 | 0.216 | 0.216 | 0.216 | 0.216 |  0.000 |    1440.000 |    1440.000 |     1440.000 |    1440.000 | GET    | /posts/7539                                             |
|     1 | 0.215 | 0.215 |   0.215 | 0.215 | 0.215 | 0.215 | 0.215 |  0.000 |    1317.000 |    1317.000 |     1317.000 |    1317.000 | GET    | /posts/9584                                             |
|     1 | 0.203 | 0.203 |   0.203 | 0.203 | 0.203 | 0.203 | 0.203 |  0.000 |    1267.000 |    1267.000 |     1267.000 |    1267.000 | GET    | /posts/9640                                             |
|     1 | 0.201 | 0.201 |   0.201 | 0.201 | 0.201 | 0.201 | 0.201 |  0.000 |     831.000 |     831.000 |      831.000 |     831.000 | GET    | /posts/10135                                            |
|     1 | 0.196 | 0.196 |   0.196 | 0.196 | 0.196 | 0.196 | 0.196 |  0.000 |     918.000 |     918.000 |      918.000 |     918.000 | GET    | /posts/9550                                             |
|     1 | 0.194 | 0.194 |   0.194 | 0.194 | 0.194 | 0.194 | 0.194 |  0.000 |    1241.000 |    1241.000 |     1241.000 |    1241.000 | GET    | /posts/8809                                             |
|     1 | 0.184 | 0.184 |   0.184 | 0.184 | 0.184 | 0.184 | 0.184 |  0.000 |    1126.000 |    1126.000 |     1126.000 |    1126.000 | GET    | /posts/8222                                             |
|    22 | 0.001 | 0.061 |   0.158 | 0.007 | 0.000 | 0.002 | 0.040 |  0.015 |   96012.000 |   96035.000 |  2112496.000 |   96022.545 | GET    | /image/9980.jpg                                         |
|    12 | 0.001 | 0.058 |   0.157 | 0.013 | 0.000 | 0.001 | 0.055 |  0.021 |   78754.000 |   78761.000 |   945080.000 |   78756.667 | GET    | /image/9971.jpg                                         |
|     1 | 0.157 | 0.157 |   0.157 | 0.157 | 0.157 | 0.157 | 0.157 |  0.000 |    1354.000 |    1354.000 |     1354.000 |    1354.000 | GET    | /posts/7898                                             |
|     1 | 0.155 | 0.155 |   0.155 | 0.155 | 0.155 | 0.155 | 0.155 |  0.000 |    1201.000 |    1201.000 |     1201.000 |    1201.000 | GET    | /posts/6882                                             |
|     1 | 0.154 | 0.154 |   0.154 | 0.154 | 0.154 | 0.154 | 0.154 |  0.000 |     797.000 |     797.000 |      797.000 |     797.000 | GET    | /posts/10133                                            |
|     2 | 0.018 | 0.130 |   0.148 | 0.074 | 0.018 | 0.018 | 0.018 |  0.056 |   74186.000 |   74187.000 |   148373.000 |   74186.500 | GET    | /image/7898.jpg                                         |
|    12 | 0.000 | 0.045 |   0.143 | 0.012 | 0.000 | 0.001 | 0.035 |  0.014 |   89462.000 |   89477.000 |  1073587.000 |   89465.583 | GET    | /image/9977.jpg                                         |
|     1 | 0.142 | 0.142 |   0.142 | 0.142 | 0.142 | 0.142 | 0.142 |  0.000 |  316784.000 |  316784.000 |   316784.000 |  316784.000 | GET    | /image/3537.jpg                                         |
|     7 | 0.001 | 0.129 |   0.136 | 0.019 | 0.001 | 0.001 | 0.002 |  0.045 |  109988.000 |  110026.000 |   769992.000 |  109998.857 | GET    | /image/9966.jpg                                         |
|     7 | 0.002 | 0.035 |   0.121 | 0.017 | 0.002 | 0.005 | 0.033 |  0.013 |  109602.000 |  109633.000 |   767393.000 |  109627.571 | GET    | /image/10137.jpg                                        |
|    12 | 0.000 | 0.044 |   0.118 | 0.010 | 0.000 | 0.001 | 0.035 |  0.015 |  102367.000 |  102390.000 |  1228494.000 |  102374.500 | GET    | /image/9975.jpg                                         |
|    12 | 0.000 | 0.061 |   0.114 | 0.009 | 0.000 | 0.001 | 0.020 |  0.017 |   82036.000 |   82042.000 |   984453.000 |   82037.750 | GET    | /image/9970.jpg                                         |
|     2 | 0.021 | 0.087 |   0.108 | 0.054 | 0.021 | 0.021 | 0.021 |  0.033 |   65617.000 |   65617.000 |   131234.000 |   65617.000 | GET    | /image/9659.jpg                                         |
|    12 | 0.001 | 0.044 |   0.101 | 0.008 | 0.000 | 0.001 | 0.034 |  0.014 |   66994.000 |   67025.000 |   804080.000 |   67006.667 | GET    | /image/9979.jpg                                         |
|     1 | 0.095 | 0.095 |   0.095 | 0.095 | 0.095 | 0.095 | 0.095 |  0.000 |    1095.000 |    1095.000 |     1095.000 |    1095.000 | GET    | /posts/8590                                             |
|     1 | 0.094 | 0.094 |   0.094 | 0.094 | 0.094 | 0.094 | 0.094 |  0.000 |   69962.000 |   69962.000 |    69962.000 |   69962.000 | GET    | /image/3463.jpg                                         |
|     1 | 0.090 | 0.090 |   0.090 | 0.090 | 0.090 | 0.090 | 0.090 |  0.000 |   87809.000 |   87809.000 |    87809.000 |   87809.000 | GET    | /image/4025.jpg                                         |
|     2 | 0.017 | 0.068 |   0.085 | 0.043 | 0.017 | 0.017 | 0.017 |  0.026 |   75238.000 |   75238.000 |   150476.000 |   75238.000 | GET    | /image/6882.jpg                                         |
|     1 | 0.084 | 0.084 |   0.084 | 0.084 | 0.084 | 0.084 | 0.084 |  0.000 |  220399.000 |  220399.000 |   220399.000 |  220399.000 | GET    | /image/2052.jpg                                         |
|     2 | 0.040 | 0.044 |   0.084 | 0.042 | 0.040 | 0.040 | 0.040 |  0.002 |  861001.000 |  861001.000 |  1722002.000 |  861001.000 | GET    | /image/9872.png                                         |
|     7 | 0.001 | 0.058 |   0.082 | 0.012 | 0.001 | 0.001 | 0.016 |  0.020 |  150832.000 |  150833.000 |  1055829.000 |  150832.714 | GET    | /image/9967.jpg                                         |
|     6 | 0.001 | 0.062 |   0.071 | 0.012 | 0.000 | 0.001 | 0.007 |  0.023 |   66484.000 |   66515.000 |   398965.000 |   66494.167 | GET    | /image/9964.jpg                                         |
|     1 | 0.071 | 0.071 |   0.071 | 0.071 | 0.071 | 0.071 | 0.071 |  0.000 |   81703.000 |   81703.000 |    81703.000 |   81703.000 | GET    | /image/7028.jpg                                         |
|     2 | 0.014 | 0.056 |   0.070 | 0.035 | 0.014 | 0.014 | 0.014 |  0.021 |   91590.000 |   91590.000 |   183180.000 |   91590.000 | GET    | /image/8144.jpg                                         |
|     1 | 0.068 | 0.068 |   0.068 | 0.068 | 0.068 | 0.068 | 0.068 |  0.000 |   52848.000 |   52848.000 |    52848.000 |   52848.000 | GET    | /image/5461.jpg                                         |
|     1 | 0.068 | 0.068 |   0.068 | 0.068 | 0.068 | 0.068 | 0.068 |  0.000 |   84819.000 |   84819.000 |    84819.000 |   84819.000 | GET    | /image/2386.jpg                                         |
|     8 | 0.000 | 0.061 |   0.067 | 0.008 | 0.000 | 0.001 | 0.002 |  0.020 |   50347.000 |   50361.000 |   402790.000 |   50348.750 | GET    | /image/9968.jpg                                         |
|     7 | 0.001 | 0.043 |   0.061 | 0.009 | 0.000 | 0.001 | 0.011 |  0.014 |  109098.000 |  109136.000 |   763755.000 |  109107.857 | GET    | /image/9965.jpg                                         |
|     1 | 0.060 | 0.060 |   0.060 | 0.060 | 0.060 | 0.060 | 0.060 |  0.000 |   74959.000 |   74959.000 |    74959.000 |   74959.000 | GET    | /image/7360.jpg                                         |
|     1 | 0.060 | 0.060 |   0.060 | 0.060 | 0.060 | 0.060 | 0.060 |  0.000 |  121701.000 |  121701.000 |   121701.000 |  121701.000 | GET    | /image/7824.jpg                                         |
|     1 | 0.060 | 0.060 |   0.060 | 0.060 | 0.060 | 0.060 | 0.060 |  0.000 |   85815.000 |   85815.000 |    85815.000 |   85815.000 | GET    | /image/2909.jpg                                         |
|     1 | 0.059 | 0.059 |   0.059 | 0.059 | 0.059 | 0.059 | 0.059 |  0.000 |   49650.000 |   49650.000 |    49650.000 |   49650.000 | GET    | /image/1035.jpg                                         |
|    12 | 0.001 | 0.030 |   0.059 | 0.005 | 0.000 | 0.001 | 0.015 |  0.009 |   62801.000 |   62831.000 |   753725.000 |   62810.417 | GET    | /image/9976.jpg                                         |
|     1 | 0.059 | 0.059 |   0.059 | 0.059 | 0.059 | 0.059 | 0.059 |  0.000 |  321157.000 |  321157.000 |   321157.000 |  321157.000 | GET    | /image/8070.jpg                                         |
|     1 | 0.058 | 0.058 |   0.058 | 0.058 | 0.058 | 0.058 | 0.058 |  0.000 |   84059.000 |   84059.000 |    84059.000 |   84059.000 | GET    | /image/4588.jpg                                         |
|     1 | 0.058 | 0.058 |   0.058 | 0.058 | 0.058 | 0.058 | 0.058 |  0.000 |   79899.000 |   79899.000 |    79899.000 |   79899.000 | GET    | /image/2388.jpg                                         |
|     1 | 0.056 | 0.056 |   0.056 | 0.056 | 0.056 | 0.056 | 0.056 |  0.000 |   60205.000 |   60205.000 |    60205.000 |   60205.000 | GET    | /image/2395.jpg                                         |
|     1 | 0.055 | 0.055 |   0.055 | 0.055 | 0.055 | 0.055 | 0.055 |  0.000 |  105515.000 |  105515.000 |   105515.000 |  105515.000 | GET    | /image/1985.jpg                                         |
|     1 | 0.054 | 0.054 |   0.054 | 0.054 | 0.054 | 0.054 | 0.054 |  0.000 |   98430.000 |   98430.000 |    98430.000 |   98430.000 | GET    | /image/1941.jpg                                         |
|     2 | 0.011 | 0.043 |   0.054 | 0.027 | 0.011 | 0.011 | 0.011 |  0.016 |  107442.000 |  107449.000 |   214891.000 |  107445.500 | GET    | /image/9745.jpg                                         |
|     2 | 0.001 | 0.050 |   0.051 | 0.026 | 0.001 | 0.001 | 0.001 |  0.025 |  196221.000 |  196227.000 |   392448.000 |  196224.000 | GET    | /image/9920.jpg                                         |
|     1 | 0.051 | 0.051 |   0.051 | 0.051 | 0.051 | 0.051 | 0.051 |  0.000 |   53234.000 |   53234.000 |    53234.000 |   53234.000 | GET    | /image/5939.jpg                                         |
|     1 | 0.047 | 0.047 |   0.047 | 0.047 | 0.047 | 0.047 | 0.047 |  0.000 |   93041.000 |   93041.000 |    93041.000 |   93041.000 | GET    | /image/1081.jpg                                         |
|     2 | 0.019 | 0.028 |   0.047 | 0.024 | 0.019 | 0.019 | 0.019 |  0.005 |  156758.000 |  156765.000 |   313523.000 |  156761.500 | GET    | /image/9632.jpg                                         |
|     1 | 0.047 | 0.047 |   0.047 | 0.047 | 0.047 | 0.047 | 0.047 |  0.000 |   89489.000 |   89489.000 |    89489.000 |   89489.000 | GET    | /image/621.jpg                                          |
|     2 | 0.016 | 0.030 |   0.046 | 0.023 | 0.016 | 0.016 | 0.016 |  0.007 |  131365.000 |  131386.000 |   262751.000 |  131375.500 | GET    | /image/8693.jpg                                         |
|     1 | 0.046 | 0.046 |   0.046 | 0.046 | 0.046 | 0.046 | 0.046 |  0.000 |   53113.000 |   53113.000 |    53113.000 |   53113.000 | GET    | /image/7157.jpg                                         |
|     1 | 0.045 | 0.045 |   0.045 | 0.045 | 0.045 | 0.045 | 0.045 |  0.000 |   89835.000 |   89835.000 |    89835.000 |   89835.000 | GET    | /image/1477.jpg                                         |
|     1 | 0.043 | 0.043 |   0.043 | 0.043 | 0.043 | 0.043 | 0.043 |  0.000 |  881496.000 |  881496.000 |   881496.000 |  881496.000 | GET    | /image/3253.png                                         |
|     1 | 0.041 | 0.041 |   0.041 | 0.041 | 0.041 | 0.041 | 0.041 |  0.000 |  176953.000 |  176953.000 |   176953.000 |  176953.000 | GET    | /image/779.jpg                                          |
|     1 | 0.040 | 0.040 |   0.040 | 0.040 | 0.040 | 0.040 | 0.040 |  0.000 |  140724.000 |  140724.000 |   140724.000 |  140724.000 | GET    | /image/8047.jpg                                         |
|     1 | 0.040 | 0.040 |   0.040 | 0.040 | 0.040 | 0.040 | 0.040 |  0.000 |   91504.000 |   91504.000 |    91504.000 |   91504.000 | GET    | /image/1849.jpg                                         |
|     2 | 0.005 | 0.035 |   0.040 | 0.020 | 0.005 | 0.005 | 0.005 |  0.015 |  117449.000 |  117449.000 |   234898.000 |  117449.000 | GET    | /image/8590.jpg                                         |
|     1 | 0.039 | 0.039 |   0.039 | 0.039 | 0.039 | 0.039 | 0.039 |  0.000 |  114059.000 |  114059.000 |   114059.000 |  114059.000 | GET    | /image/3293.jpg                                         |
|     1 | 0.039 | 0.039 |   0.039 | 0.039 | 0.039 | 0.039 | 0.039 |  0.000 |   73201.000 |   73201.000 |    73201.000 |   73201.000 | GET    | /image/2245.jpg                                         |
|     1 | 0.038 | 0.038 |   0.038 | 0.038 | 0.038 | 0.038 | 0.038 |  0.000 |   53442.000 |   53442.000 |    53442.000 |   53442.000 | GET    | /image/5285.jpg                                         |
|     1 | 0.037 | 0.037 |   0.037 | 0.037 | 0.037 | 0.037 | 0.037 |  0.000 |   91341.000 |   91341.000 |    91341.000 |   91341.000 | GET    | /image/1487.jpg                                         |
|     1 | 0.035 | 0.035 |   0.035 | 0.035 | 0.035 | 0.035 | 0.035 |  0.000 |    1487.000 |    1487.000 |     1487.000 |    1487.000 | GET    | /posts/9486                                             |
|     1 | 0.035 | 0.035 |   0.035 | 0.035 | 0.035 | 0.035 | 0.035 |  0.000 |   47498.000 |   47498.000 |    47498.000 |   47498.000 | GET    | /image/3214.jpg                                         |
|     1 | 0.035 | 0.035 |   0.035 | 0.035 | 0.035 | 0.035 | 0.035 |  0.000 |  107166.000 |  107166.000 |   107166.000 |  107166.000 | GET    | /image/7439.jpg                                         |
|     1 | 0.034 | 0.034 |   0.034 | 0.034 | 0.034 | 0.034 | 0.034 |  0.000 |   44313.000 |   44313.000 |    44313.000 |   44313.000 | GET    | /image/5400.jpg                                         |
|     1 | 0.034 | 0.034 |   0.034 | 0.034 | 0.034 | 0.034 | 0.034 |  0.000 |   88809.000 |   88809.000 |    88809.000 |   88809.000 | GET    | /image/1939.jpg                                         |
|     1 | 0.034 | 0.034 |   0.034 | 0.034 | 0.034 | 0.034 | 0.034 |  0.000 |  112530.000 |  112530.000 |   112530.000 |  112530.000 | GET    | /image/353.jpg                                          |
|     1 | 0.033 | 0.033 |   0.033 | 0.033 | 0.033 | 0.033 | 0.033 |  0.000 |   61684.000 |   61684.000 |    61684.000 |   61684.000 | GET    | /image/8659.jpg                                         |
|     1 | 0.031 | 0.031 |   0.031 | 0.031 | 0.031 | 0.031 | 0.031 |  0.000 |  122052.000 |  122052.000 |   122052.000 |  122052.000 | GET    | /image/5486.jpg                                         |
|     1 | 0.031 | 0.031 |   0.031 | 0.031 | 0.031 | 0.031 | 0.031 |  0.000 |     794.000 |     794.000 |      794.000 |     794.000 | GET    | /posts/10124                                            |
|     1 | 0.031 | 0.031 |   0.031 | 0.031 | 0.031 | 0.031 | 0.031 |  0.000 |  126926.000 |  126926.000 |   126926.000 |  126926.000 | GET    | /image/6287.jpg                                         |
|     1 | 0.030 | 0.030 |   0.030 | 0.030 | 0.030 | 0.030 | 0.030 |  0.000 |   89346.000 |   89346.000 |    89346.000 |   89346.000 | GET    | /image/6966.jpg                                         |
|     1 | 0.030 | 0.030 |   0.030 | 0.030 | 0.030 | 0.030 | 0.030 |  0.000 |   68493.000 |   68493.000 |    68493.000 |   68493.000 | GET    | /image/1113.jpg                                         |
|     1 | 0.030 | 0.030 |   0.030 | 0.030 | 0.030 | 0.030 | 0.030 |  0.000 |   78970.000 |   78970.000 |    78970.000 |   78970.000 | GET    | /image/3752.jpg                                         |
|     1 | 0.029 | 0.029 |   0.029 | 0.029 | 0.029 | 0.029 | 0.029 |  0.000 |   60714.000 |   60714.000 |    60714.000 |   60714.000 | GET    | /image/8917.jpg                                         |
|     1 | 0.029 | 0.029 |   0.029 | 0.029 | 0.029 | 0.029 | 0.029 |  0.000 |  271712.000 |  271712.000 |   271712.000 |  271712.000 | GET    | /image/5988.jpg                                         |
|     1 | 0.028 | 0.028 |   0.028 | 0.028 | 0.028 | 0.028 | 0.028 |  0.000 |  129425.000 |  129425.000 |   129425.000 |  129425.000 | GET    | /image/8899.jpg                                         |
|     1 | 0.028 | 0.028 |   0.028 | 0.028 | 0.028 | 0.028 | 0.028 |  0.000 |  108318.000 |  108318.000 |   108318.000 |  108318.000 | GET    | /image/5828.jpg                                         |
|     1 | 0.027 | 0.027 |   0.027 | 0.027 | 0.027 | 0.027 | 0.027 |  0.000 |   98795.000 |   98795.000 |    98795.000 |   98795.000 | GET    | /image/7552.jpg                                         |
|     1 | 0.027 | 0.027 |   0.027 | 0.027 | 0.027 | 0.027 | 0.027 |  0.000 |   93826.000 |   93826.000 |    93826.000 |   93826.000 | GET    | /image/5817.jpg                                         |
|     1 | 0.027 | 0.027 |   0.027 | 0.027 | 0.027 | 0.027 | 0.027 |  0.000 |       0.000 |       0.000 |        0.000 |       0.000 | GET    | /initialize                                             |
|     1 | 0.026 | 0.026 |   0.026 | 0.026 | 0.026 | 0.026 | 0.026 |  0.000 |  138443.000 |  138443.000 |   138443.000 |  138443.000 | GET    | /image/7342.jpg                                         |
|     1 | 0.024 | 0.024 |   0.024 | 0.024 | 0.024 | 0.024 | 0.024 |  0.000 |   69490.000 |   69490.000 |    69490.000 |   69490.000 | GET    | /image/1997.jpg                                         |
|     1 | 0.024 | 0.024 |   0.024 | 0.024 | 0.024 | 0.024 | 0.024 |  0.000 |  100096.000 |  100096.000 |   100096.000 |  100096.000 | GET    | /image/640.jpg                                          |
|     1 | 0.022 | 0.022 |   0.022 | 0.022 | 0.022 | 0.022 | 0.022 |  0.000 |  161159.000 |  161159.000 |   161159.000 |  161159.000 | GET    | /image/3485.jpg                                         |
|     1 | 0.022 | 0.022 |   0.022 | 0.022 | 0.022 | 0.022 | 0.022 |  0.000 |   50744.000 |   50744.000 |    50744.000 |   50744.000 | GET    | /image/5524.jpg                                         |
|     1 | 0.021 | 0.021 |   0.021 | 0.021 | 0.021 | 0.021 | 0.021 |  0.000 |   77631.000 |   77631.000 |    77631.000 |   77631.000 | GET    | /image/4848.jpg                                         |
|     1 | 0.020 | 0.020 |   0.020 | 0.020 | 0.020 | 0.020 | 0.020 |  0.000 |  104831.000 |  104831.000 |   104831.000 |  104831.000 | GET    | /image/7001.jpg                                         |
|     1 | 0.020 | 0.020 |   0.020 | 0.020 | 0.020 | 0.020 | 0.020 |  0.000 |   96715.000 |   96715.000 |    96715.000 |   96715.000 | GET    | /image/4428.jpg                                         |
|     1 | 0.020 | 0.020 |   0.020 | 0.020 | 0.020 | 0.020 | 0.020 |  0.000 |   97281.000 |   97281.000 |    97281.000 |   97281.000 | GET    | /image/6681.jpg                                         |
|     1 | 0.020 | 0.020 |   0.020 | 0.020 | 0.020 | 0.020 | 0.020 |  0.000 |   75788.000 |   75788.000 |    75788.000 |   75788.000 | GET    | /image/7805.jpg                                         |
|     1 | 0.020 | 0.020 |   0.020 | 0.020 | 0.020 | 0.020 | 0.020 |  0.000 |  134715.000 |  134715.000 |   134715.000 |  134715.000 | GET    | /image/3985.jpg                                         |
|     1 | 0.020 | 0.020 |   0.020 | 0.020 | 0.020 | 0.020 | 0.020 |  0.000 |  113503.000 |  113503.000 |   113503.000 |  113503.000 | GET    | /image/3750.jpg                                         |
|     1 | 0.019 | 0.019 |   0.019 | 0.019 | 0.019 | 0.019 | 0.019 |  0.000 |   69386.000 |   69386.000 |    69386.000 |   69386.000 | GET    | /image/3886.jpg                                         |
|     1 | 0.019 | 0.019 |   0.019 | 0.019 | 0.019 | 0.019 | 0.019 |  0.000 |   69299.000 |   69299.000 |    69299.000 |   69299.000 | GET    | /image/6220.jpg                                         |
|     1 | 0.019 | 0.019 |   0.019 | 0.019 | 0.019 | 0.019 | 0.019 |  0.000 |  534343.000 |  534343.000 |   534343.000 |  534343.000 | GET    | /image/7834.gif                                         |
|     1 | 0.019 | 0.019 |   0.019 | 0.019 | 0.019 | 0.019 | 0.019 |  0.000 |  132844.000 |  132844.000 |   132844.000 |  132844.000 | GET    | /image/5928.jpg                                         |
|     1 | 0.019 | 0.019 |   0.019 | 0.019 | 0.019 | 0.019 | 0.019 |  0.000 |   97438.000 |   97438.000 |    97438.000 |   97438.000 | GET    | /image/4479.jpg                                         |
|     1 | 0.019 | 0.019 |   0.019 | 0.019 | 0.019 | 0.019 | 0.019 |  0.000 |   56798.000 |   56798.000 |    56798.000 |   56798.000 | GET    | /image/6876.jpg                                         |
|     1 | 0.019 | 0.019 |   0.019 | 0.019 | 0.019 | 0.019 | 0.019 |  0.000 |  122207.000 |  122207.000 |   122207.000 |  122207.000 | GET    | /image/6486.jpg                                         |
|     2 | 0.004 | 0.014 |   0.018 | 0.009 | 0.004 | 0.004 | 0.004 |  0.005 |  139452.000 |  139452.000 |   278904.000 |  139452.000 | GET    | /image/9549.jpg                                         |
|     2 | 0.002 | 0.016 |   0.018 | 0.009 | 0.002 | 0.002 | 0.002 |  0.007 |   45775.000 |   45775.000 |    91550.000 |   45775.000 | GET    | /image/9106.jpg                                         |
|     1 | 0.018 | 0.018 |   0.018 | 0.018 | 0.018 | 0.018 | 0.018 |  0.000 |  139413.000 |  139413.000 |   139413.000 |  139413.000 | GET    | /image/7886.jpg                                         |
|     1 | 0.018 | 0.018 |   0.018 | 0.018 | 0.018 | 0.018 | 0.018 |  0.000 |  101799.000 |  101799.000 |   101799.000 |  101799.000 | GET    | /image/8907.jpg                                         |
|     1 | 0.018 | 0.018 |   0.018 | 0.018 | 0.018 | 0.018 | 0.018 |  0.000 |   80517.000 |   80517.000 |    80517.000 |   80517.000 | GET    | /image/945.jpg                                          |
|     1 | 0.018 | 0.018 |   0.018 | 0.018 | 0.018 | 0.018 | 0.018 |  0.000 |   73347.000 |   73347.000 |    73347.000 |   73347.000 | GET    | /image/8166.jpg                                         |
|     2 | 0.005 | 0.012 |   0.017 | 0.009 | 0.005 | 0.005 | 0.005 |  0.004 |   51195.000 |   51195.000 |   102390.000 |   51195.000 | GET    | /image/8545.jpg                                         |
|     1 | 0.017 | 0.017 |   0.017 | 0.017 | 0.017 | 0.017 | 0.017 |  0.000 |  808323.000 |  808323.000 |   808323.000 |  808323.000 | GET    | /image/6724.png                                         |
|     1 | 0.017 | 0.017 |   0.017 | 0.017 | 0.017 | 0.017 | 0.017 |  0.000 |  256145.000 |  256145.000 |   256145.000 |  256145.000 | GET    | /image/2911.jpg                                         |
|     1 | 0.017 | 0.017 |   0.017 | 0.017 | 0.017 | 0.017 | 0.017 |  0.000 |   49856.000 |   49856.000 |    49856.000 |   49856.000 | GET    | /image/2655.jpg                                         |
|     1 | 0.017 | 0.017 |   0.017 | 0.017 | 0.017 | 0.017 | 0.017 |  0.000 |   62211.000 |   62211.000 |    62211.000 |   62211.000 | GET    | /image/1064.jpg                                         |
|     2 | 0.007 | 0.009 |   0.016 | 0.008 | 0.007 | 0.007 | 0.007 |  0.001 |  323843.000 |  323871.000 |   647714.000 |  323857.000 | GET    | /image/7539.jpg                                         |
|     1 | 0.016 | 0.016 |   0.016 | 0.016 | 0.016 | 0.016 | 0.016 |  0.000 |  128307.000 |  128307.000 |   128307.000 |  128307.000 | GET    | /image/2778.jpg                                         |
|     1 | 0.016 | 0.016 |   0.016 | 0.016 | 0.016 | 0.016 | 0.016 |  0.000 |   86425.000 |   86425.000 |    86425.000 |   86425.000 | GET    | /image/3160.jpg                                         |
|     1 | 0.015 | 0.015 |   0.015 | 0.015 | 0.015 | 0.015 | 0.015 |  0.000 |   83294.000 |   83294.000 |    83294.000 |   83294.000 | GET    | /image/5234.jpg                                         |
|     1 | 0.015 | 0.015 |   0.015 | 0.015 | 0.015 | 0.015 | 0.015 |  0.000 |  119699.000 |  119699.000 |   119699.000 |  119699.000 | GET    | /image/4725.jpg                                         |
|     1 | 0.015 | 0.015 |   0.015 | 0.015 | 0.015 | 0.015 | 0.015 |  0.000 |   83634.000 |   83634.000 |    83634.000 |   83634.000 | GET    | /image/4677.jpg                                         |
|     1 | 0.015 | 0.015 |   0.015 | 0.015 | 0.015 | 0.015 | 0.015 |  0.000 |  606714.000 |  606714.000 |   606714.000 |  606714.000 | GET    | /image/372.gif                                          |
|     1 | 0.013 | 0.013 |   0.013 | 0.013 | 0.013 | 0.013 | 0.013 |  0.000 |  107747.000 |  107747.000 |   107747.000 |  107747.000 | GET    | /image/223.jpg                                          |
|     1 | 0.013 | 0.013 |   0.013 | 0.013 | 0.013 | 0.013 | 0.013 |  0.000 |  226124.000 |  226124.000 |   226124.000 |  226124.000 | GET    | /image/2598.jpg                                         |
|     1 | 0.013 | 0.013 |   0.013 | 0.013 | 0.013 | 0.013 | 0.013 |  0.000 |   84228.000 |   84228.000 |    84228.000 |   84228.000 | GET    | /image/5551.jpg                                         |
|     2 | 0.000 | 0.013 |   0.013 | 0.006 | 0.000 | 0.000 | 0.000 |  0.006 |  160921.000 |  160921.000 |   321842.000 |  160921.000 | GET    | /image/9640.jpg                                         |
|     1 | 0.013 | 0.013 |   0.013 | 0.013 | 0.013 | 0.013 | 0.013 |  0.000 |   70052.000 |   70052.000 |    70052.000 |   70052.000 | GET    | /image/3926.jpg                                         |
|     1 | 0.013 | 0.013 |   0.013 | 0.013 | 0.013 | 0.013 | 0.013 |  0.000 |   64169.000 |   64169.000 |    64169.000 |   64169.000 | GET    | /image/6825.jpg                                         |
|     1 | 0.013 | 0.013 |   0.013 | 0.013 | 0.013 | 0.013 | 0.013 |  0.000 |   91143.000 |   91143.000 |    91143.000 |   91143.000 | GET    | /image/3623.jpg                                         |
|     1 | 0.012 | 0.012 |   0.012 | 0.012 | 0.012 | 0.012 | 0.012 |  0.000 |   87386.000 |   87386.000 |    87386.000 |   87386.000 | GET    | /image/5715.jpg                                         |
|     1 | 0.012 | 0.012 |   0.012 | 0.012 | 0.012 | 0.012 | 0.012 |  0.000 |   51776.000 |   51776.000 |    51776.000 |   51776.000 | GET    | /image/8385.jpg                                         |
|     2 | 0.005 | 0.007 |   0.012 | 0.006 | 0.005 | 0.005 | 0.005 |  0.001 |  122761.000 |  122761.000 |   245522.000 |  122761.000 | GET    | /image/9861.jpg                                         |
|     1 | 0.012 | 0.012 |   0.012 | 0.012 | 0.012 | 0.012 | 0.012 |  0.000 |   88397.000 |   88397.000 |    88397.000 |   88397.000 | GET    | /image/2716.jpg                                         |
|     1 | 0.012 | 0.012 |   0.012 | 0.012 | 0.012 | 0.012 | 0.012 |  0.000 |   67398.000 |   67398.000 |    67398.000 |   67398.000 | GET    | /image/10138.jpg                                        |
|     1 | 0.011 | 0.011 |   0.011 | 0.011 | 0.011 | 0.011 | 0.011 |  0.000 |   97764.000 |   97764.000 |    97764.000 |   97764.000 | GET    | /image/112.jpg                                          |
|     1 | 0.011 | 0.011 |   0.011 | 0.011 | 0.011 | 0.011 | 0.011 |  0.000 |   89769.000 |   89769.000 |    89769.000 |   89769.000 | GET    | /image/6672.jpg                                         |
|     1 | 0.011 | 0.011 |   0.011 | 0.011 | 0.011 | 0.011 | 0.011 |  0.000 |   94947.000 |   94947.000 |    94947.000 |   94947.000 | GET    | /image/8577.jpg                                         |
|     1 | 0.011 | 0.011 |   0.011 | 0.011 | 0.011 | 0.011 | 0.011 |  0.000 |  838557.000 |  838557.000 |   838557.000 |  838557.000 | GET    | /image/2763.png                                         |
|     2 | 0.000 | 0.011 |   0.011 | 0.005 | 0.000 | 0.000 | 0.000 |  0.005 |  106565.000 |  106565.000 |   213130.000 |  106565.000 | GET    | /image/8222.jpg                                         |
|     2 | 0.002 | 0.009 |   0.011 | 0.005 | 0.002 | 0.002 | 0.002 |  0.003 |   88176.000 |   88176.000 |   176352.000 |   88176.000 | GET    | /image/8731.jpg                                         |
|     1 | 0.010 | 0.010 |   0.010 | 0.010 | 0.010 | 0.010 | 0.010 |  0.000 |  272202.000 |  272202.000 |   272202.000 |  272202.000 | GET    | /image/3740.jpg                                         |
|     1 | 0.010 | 0.010 |   0.010 | 0.010 | 0.010 | 0.010 | 0.010 |  0.000 |  143229.000 |  143229.000 |   143229.000 |  143229.000 | GET    | /image/5549.jpg                                         |
|     1 | 0.010 | 0.010 |   0.010 | 0.010 | 0.010 | 0.010 | 0.010 |  0.000 |  125522.000 |  125522.000 |   125522.000 |  125522.000 | GET    | /image/7394.jpg                                         |
|     1 | 0.010 | 0.010 |   0.010 | 0.010 | 0.010 | 0.010 | 0.010 |  0.000 |   89022.000 |   89022.000 |    89022.000 |   89022.000 | GET    | /image/3820.jpg                                         |
|     1 | 0.010 | 0.010 |   0.010 | 0.010 | 0.010 | 0.010 | 0.010 |  0.000 |  111011.000 |  111011.000 |   111011.000 |  111011.000 | GET    | /image/7847.jpg                                         |
|     1 | 0.010 | 0.010 |   0.010 | 0.010 | 0.010 | 0.010 | 0.010 |  0.000 |  302479.000 |  302479.000 |   302479.000 |  302479.000 | GET    | /image/8042.jpg                                         |
|     1 | 0.010 | 0.010 |   0.010 | 0.010 | 0.010 | 0.010 | 0.010 |  0.000 |  107639.000 |  107639.000 |   107639.000 |  107639.000 | GET    | /image/3203.jpg                                         |
|     1 | 0.010 | 0.010 |   0.010 | 0.010 | 0.010 | 0.010 | 0.010 |  0.000 |   84717.000 |   84717.000 |    84717.000 |   84717.000 | GET    | /image/1663.jpg                                         |
|     1 | 0.010 | 0.010 |   0.010 | 0.010 | 0.010 | 0.010 | 0.010 |  0.000 |   76889.000 |   76889.000 |    76889.000 |   76889.000 | GET    | /image/7264.jpg                                         |
|     2 | 0.003 | 0.007 |   0.010 | 0.005 | 0.003 | 0.003 | 0.003 |  0.002 |  238770.000 |  238792.000 |   477562.000 |  238781.000 | GET    | /image/8685.jpg                                         |
|     1 | 0.010 | 0.010 |   0.010 | 0.010 | 0.010 | 0.010 | 0.010 |  0.000 |   91937.000 |   91937.000 |    91937.000 |   91937.000 | GET    | /image/1621.jpg                                         |
|     2 | 0.000 | 0.010 |   0.010 | 0.005 | 0.000 | 0.000 | 0.000 |  0.005 |  209598.000 |  209598.000 |   419196.000 |  209598.000 | GET    | /image/9550.jpg                                         |
|     1 | 0.009 | 0.009 |   0.009 | 0.009 | 0.009 | 0.009 | 0.009 |  0.000 |  557106.000 |  557106.000 |   557106.000 |  557106.000 | GET    | /image/493.gif                                          |
|     1 | 0.009 | 0.009 |   0.009 | 0.009 | 0.009 | 0.009 | 0.009 |  0.000 |   71127.000 |   71127.000 |    71127.000 |   71127.000 | GET    | /image/6313.jpg                                         |
|     1 | 0.008 | 0.008 |   0.008 | 0.008 | 0.008 | 0.008 | 0.008 |  0.000 |  357651.000 |  357651.000 |   357651.000 |  357651.000 | GET    | /image/2177.jpg                                         |
|     1 | 0.008 | 0.008 |   0.008 | 0.008 | 0.008 | 0.008 | 0.008 |  0.000 |  181185.000 |  181185.000 |   181185.000 |  181185.000 | GET    | /image/4060.jpg                                         |
|     1 | 0.008 | 0.008 |   0.008 | 0.008 | 0.008 | 0.008 | 0.008 |  0.000 |  146706.000 |  146706.000 |   146706.000 |  146706.000 | GET    | /image/1036.jpg                                         |
|     1 | 0.008 | 0.008 |   0.008 | 0.008 | 0.008 | 0.008 | 0.008 |  0.000 |  100672.000 |  100672.000 |   100672.000 |  100672.000 | GET    | /image/2506.jpg                                         |
|     1 | 0.008 | 0.008 |   0.008 | 0.008 | 0.008 | 0.008 | 0.008 |  0.000 |  159209.000 |  159209.000 |   159209.000 |  159209.000 | GET    | /image/6413.jpg                                         |
|     1 | 0.008 | 0.008 |   0.008 | 0.008 | 0.008 | 0.008 | 0.008 |  0.000 |   73517.000 |   73517.000 |    73517.000 |   73517.000 | GET    | /image/7605.jpg                                         |
|     2 | 0.001 | 0.007 |   0.008 | 0.004 | 0.001 | 0.001 | 0.001 |  0.003 |   70392.000 |   70392.000 |   140784.000 |   70392.000 | GET    | /image/9600.jpg                                         |
|     1 | 0.008 | 0.008 |   0.008 | 0.008 | 0.008 | 0.008 | 0.008 |  0.000 |   90860.000 |   90860.000 |    90860.000 |   90860.000 | GET    | /image/3329.jpg                                         |
|     1 | 0.007 | 0.007 |   0.007 | 0.007 | 0.007 | 0.007 | 0.007 |  0.000 |  233269.000 |  233269.000 |   233269.000 |  233269.000 | GET    | /image/1015.jpg                                         |
|     1 | 0.007 | 0.007 |   0.007 | 0.007 | 0.007 | 0.007 | 0.007 |  0.000 |  349243.000 |  349243.000 |   349243.000 |  349243.000 | GET    | /image/3880.jpg                                         |
|     1 | 0.007 | 0.007 |   0.007 | 0.007 | 0.007 | 0.007 | 0.007 |  0.000 |   59006.000 |   59006.000 |    59006.000 |   59006.000 | GET    | /image/2732.jpg                                         |
|     1 | 0.007 | 0.007 |   0.007 | 0.007 | 0.007 | 0.007 | 0.007 |  0.000 |  187442.000 |  187442.000 |   187442.000 |  187442.000 | GET    | /image/620.jpg                                          |
|     1 | 0.006 | 0.006 |   0.006 | 0.006 | 0.006 | 0.006 | 0.006 |  0.000 |   85434.000 |   85434.000 |    85434.000 |   85434.000 | GET    | /image/7121.jpg                                         |
|     1 | 0.006 | 0.006 |   0.006 | 0.006 | 0.006 | 0.006 | 0.006 |  0.000 |   85134.000 |   85134.000 |    85134.000 |   85134.000 | GET    | /image/6987.jpg                                         |
|     1 | 0.006 | 0.006 |   0.006 | 0.006 | 0.006 | 0.006 | 0.006 |  0.000 |  160984.000 |  160984.000 |   160984.000 |  160984.000 | GET    | /image/4572.jpg                                         |
|     1 | 0.006 | 0.006 |   0.006 | 0.006 | 0.006 | 0.006 | 0.006 |  0.000 |  229135.000 |  229135.000 |   229135.000 |  229135.000 | GET    | /image/8121.jpg                                         |
|     1 | 0.006 | 0.006 |   0.006 | 0.006 | 0.006 | 0.006 | 0.006 |  0.000 |  266353.000 |  266353.000 |   266353.000 |  266353.000 | GET    | /image/4030.jpg                                         |
|     1 | 0.006 | 0.006 |   0.006 | 0.006 | 0.006 | 0.006 | 0.006 |  0.000 |  257775.000 |  257775.000 |   257775.000 |  257775.000 | GET    | /image/3338.jpg                                         |
|     1 | 0.006 | 0.006 |   0.006 | 0.006 | 0.006 | 0.006 | 0.006 |  0.000 |   82636.000 |   82636.000 |    82636.000 |   82636.000 | GET    | /image/6762.jpg                                         |
|     1 | 0.006 | 0.006 |   0.006 | 0.006 | 0.006 | 0.006 | 0.006 |  0.000 |  115304.000 |  115304.000 |   115304.000 |  115304.000 | GET    | /image/1537.jpg                                         |
|     1 | 0.006 | 0.006 |   0.006 | 0.006 | 0.006 | 0.006 | 0.006 |  0.000 |  138845.000 |  138845.000 |   138845.000 |  138845.000 | GET    | /image/4995.jpg                                         |
|     1 | 0.006 | 0.006 |   0.006 | 0.006 | 0.006 | 0.006 | 0.006 |  0.000 |   55309.000 |   55309.000 |    55309.000 |   55309.000 | GET    | /image/5415.jpg                                         |
|     2 | 0.001 | 0.005 |   0.006 | 0.003 | 0.001 | 0.001 | 0.001 |  0.002 |   45302.000 |   45302.000 |    90604.000 |   45302.000 | GET    | /image/9772.jpg                                         |
|     2 | 0.000 | 0.006 |   0.006 | 0.003 | 0.000 | 0.000 | 0.000 |  0.003 |  246916.000 |  246923.000 |   493839.000 |  246919.500 | GET    | /image/8809.jpg                                         |
|     3 | 0.001 | 0.004 |   0.006 | 0.002 | 0.001 | 0.001 | 0.001 |  0.001 |   89682.000 |   89696.000 |   269074.000 |   89691.333 | GET    | /image/9963.jpg                                         |
|     1 | 0.006 | 0.006 |   0.006 | 0.006 | 0.006 | 0.006 | 0.006 |  0.000 |  270817.000 |  270817.000 |   270817.000 |  270817.000 | GET    | /image/5006.jpg                                         |
|     1 | 0.006 | 0.006 |   0.006 | 0.006 | 0.006 | 0.006 | 0.006 |  0.000 |   81042.000 |   81042.000 |    81042.000 |   81042.000 | GET    | /image/8258.jpg                                         |
|     1 | 0.006 | 0.006 |   0.006 | 0.006 | 0.006 | 0.006 | 0.006 |  0.000 |  192377.000 |  192377.000 |   192377.000 |  192377.000 | GET    | /image/2927.jpg                                         |
|     2 | 0.001 | 0.005 |   0.006 | 0.003 | 0.001 | 0.001 | 0.001 |  0.002 |   92344.000 |   92344.000 |   184688.000 |   92344.000 | GET    | /image/9584.jpg                                         |
|     1 | 0.006 | 0.006 |   0.006 | 0.006 | 0.006 | 0.006 | 0.006 |  0.000 |   97305.000 |   97305.000 |    97305.000 |   97305.000 | GET    | /image/1077.jpg                                         |
|     1 | 0.006 | 0.006 |   0.006 | 0.006 | 0.006 | 0.006 | 0.006 |  0.000 |   96977.000 |   96977.000 |    96977.000 |   96977.000 | GET    | /image/3298.jpg                                         |
|     1 | 0.005 | 0.005 |   0.005 | 0.005 | 0.005 | 0.005 | 0.005 |  0.000 |   59033.000 |   59033.000 |    59033.000 |   59033.000 | GET    | /image/991.jpg                                          |
|     1 | 0.005 | 0.005 |   0.005 | 0.005 | 0.005 | 0.005 | 0.005 |  0.000 |  110010.000 |  110010.000 |   110010.000 |  110010.000 | GET    | /image/5371.jpg                                         |
|     2 | 0.000 | 0.005 |   0.005 | 0.003 | 0.000 | 0.000 | 0.000 |  0.003 |   66960.000 |   66990.000 |   133950.000 |   66975.000 | GET    | /image/9962.jpg                                         |
|     1 | 0.005 | 0.005 |   0.005 | 0.005 | 0.005 | 0.005 | 0.005 |  0.000 |  123837.000 |  123837.000 |   123837.000 |  123837.000 | GET    | /image/7561.jpg                                         |
|     1 | 0.005 | 0.005 |   0.005 | 0.005 | 0.005 | 0.005 | 0.005 |  0.000 |  130308.000 |  130308.000 |   130308.000 |  130308.000 | GET    | /image/4931.jpg                                         |
|     1 | 0.005 | 0.005 |   0.005 | 0.005 | 0.005 | 0.005 | 0.005 |  0.000 |   87458.000 |   87458.000 |    87458.000 |   87458.000 | GET    | /image/8402.jpg                                         |
|     1 | 0.005 | 0.005 |   0.005 | 0.005 | 0.005 | 0.005 | 0.005 |  0.000 |   64723.000 |   64723.000 |    64723.000 |   64723.000 | GET    | /image/357.jpg                                          |
|     1 | 0.005 | 0.005 |   0.005 | 0.005 | 0.005 | 0.005 | 0.005 |  0.000 |  121315.000 |  121315.000 |   121315.000 |  121315.000 | GET    | /image/2452.jpg                                         |
|     1 | 0.005 | 0.005 |   0.005 | 0.005 | 0.005 | 0.005 | 0.005 |  0.000 |  314966.000 |  314966.000 |   314966.000 |  314966.000 | GET    | /image/7957.jpg                                         |
|     1 | 0.005 | 0.005 |   0.005 | 0.005 | 0.005 | 0.005 | 0.005 |  0.000 |   70946.000 |   70946.000 |    70946.000 |   70946.000 | GET    | /image/4871.jpg                                         |
|     1 | 0.005 | 0.005 |   0.005 | 0.005 | 0.005 | 0.005 | 0.005 |  0.000 |  103017.000 |  103017.000 |   103017.000 |  103017.000 | GET    | /image/5320.jpg                                         |
|     1 | 0.005 | 0.005 |   0.005 | 0.005 | 0.005 | 0.005 | 0.005 |  0.000 |  167394.000 |  167394.000 |   167394.000 |  167394.000 | GET    | /image/8040.jpg                                         |
|     1 | 0.005 | 0.005 |   0.005 | 0.005 | 0.005 | 0.005 | 0.005 |  0.000 |   96578.000 |   96578.000 |    96578.000 |   96578.000 | GET    | /image/8320.jpg                                         |
|     1 | 0.005 | 0.005 |   0.005 | 0.005 | 0.005 | 0.005 | 0.005 |  0.000 |   63442.000 |   63442.000 |    63442.000 |   63442.000 | GET    | /image/8886.jpg                                         |
|     1 | 0.005 | 0.005 |   0.005 | 0.005 | 0.005 | 0.005 | 0.005 |  0.000 |   66556.000 |   66556.000 |    66556.000 |   66556.000 | GET    | /image/3976.jpg                                         |
|     1 | 0.005 | 0.005 |   0.005 | 0.005 | 0.005 | 0.005 | 0.005 |  0.000 |  153466.000 |  153466.000 |   153466.000 |  153466.000 | GET    | /image/1470.jpg                                         |
|     2 | 0.001 | 0.004 |   0.005 | 0.003 | 0.001 | 0.001 | 0.001 |  0.002 |   80589.000 |   80589.000 |   161178.000 |   80589.000 | GET    | /image/9467.jpg                                         |
|     1 | 0.005 | 0.005 |   0.005 | 0.005 | 0.005 | 0.005 | 0.005 |  0.000 |   83354.000 |   83354.000 |    83354.000 |   83354.000 | GET    | /image/4077.jpg                                         |
|     1 | 0.005 | 0.005 |   0.005 | 0.005 | 0.005 | 0.005 | 0.005 |  0.000 |  116939.000 |  116939.000 |   116939.000 |  116939.000 | GET    | /image/1368.jpg                                         |
|     1 | 0.005 | 0.005 |   0.005 | 0.005 | 0.005 | 0.005 | 0.005 |  0.000 |  103778.000 |  103778.000 |   103778.000 |  103778.000 | GET    | /image/6719.jpg                                         |
|     1 | 0.005 | 0.005 |   0.005 | 0.005 | 0.005 | 0.005 | 0.005 |  0.000 |  333278.000 |  333278.000 |   333278.000 |  333278.000 | GET    | /image/4500.jpg                                         |
|     1 | 0.005 | 0.005 |   0.005 | 0.005 | 0.005 | 0.005 | 0.005 |  0.000 |  166400.000 |  166400.000 |   166400.000 |  166400.000 | GET    | /image/2191.jpg                                         |
|     1 | 0.005 | 0.005 |   0.005 | 0.005 | 0.005 | 0.005 | 0.005 |  0.000 |   80186.000 |   80186.000 |    80186.000 |   80186.000 | GET    | /image/152.jpg                                          |
|     1 | 0.005 | 0.005 |   0.005 | 0.005 | 0.005 | 0.005 | 0.005 |  0.000 |  119338.000 |  119338.000 |   119338.000 |  119338.000 | GET    | /image/7764.jpg                                         |
|     1 | 0.005 | 0.005 |   0.005 | 0.005 | 0.005 | 0.005 | 0.005 |  0.000 |  130690.000 |  130690.000 |   130690.000 |  130690.000 | GET    | /image/8867.jpg                                         |
|     1 | 0.005 | 0.005 |   0.005 | 0.005 | 0.005 | 0.005 | 0.005 |  0.000 |   76508.000 |   76508.000 |    76508.000 |   76508.000 | GET    | /image/2855.jpg                                         |
|     1 | 0.005 | 0.005 |   0.005 | 0.005 | 0.005 | 0.005 | 0.005 |  0.000 |   85812.000 |   85812.000 |    85812.000 |   85812.000 | GET    | /image/3585.jpg                                         |
|     1 | 0.005 | 0.005 |   0.005 | 0.005 | 0.005 | 0.005 | 0.005 |  0.000 |  125914.000 |  125914.000 |   125914.000 |  125914.000 | GET    | /image/8901.jpg                                         |
|     1 | 0.004 | 0.004 |   0.004 | 0.004 | 0.004 | 0.004 | 0.004 |  0.000 |   59160.000 |   59160.000 |    59160.000 |   59160.000 | GET    | /image/8452.jpg                                         |
|     1 | 0.004 | 0.004 |   0.004 | 0.004 | 0.004 | 0.004 | 0.004 |  0.000 |   97250.000 |   97250.000 |    97250.000 |   97250.000 | GET    | /image/5528.jpg                                         |
|     1 | 0.004 | 0.004 |   0.004 | 0.004 | 0.004 | 0.004 | 0.004 |  0.000 |  102966.000 |  102966.000 |   102966.000 |  102966.000 | GET    | /image/864.jpg                                          |
|     1 | 0.004 | 0.004 |   0.004 | 0.004 | 0.004 | 0.004 | 0.004 |  0.000 |   78275.000 |   78275.000 |    78275.000 |   78275.000 | GET    | /image/5419.jpg                                         |
|     1 | 0.004 | 0.004 |   0.004 | 0.004 | 0.004 | 0.004 | 0.004 |  0.000 |  105218.000 |  105218.000 |   105218.000 |  105218.000 | GET    | /image/9058.jpg                                         |
|     1 | 0.004 | 0.004 |   0.004 | 0.004 | 0.004 | 0.004 | 0.004 |  0.000 |  112524.000 |  112524.000 |   112524.000 |  112524.000 | GET    | /image/33.jpg                                           |
|     1 | 0.004 | 0.004 |   0.004 | 0.004 | 0.004 | 0.004 | 0.004 |  0.000 |  110560.000 |  110560.000 |   110560.000 |  110560.000 | GET    | /image/4204.jpg                                         |
|     1 | 0.004 | 0.004 |   0.004 | 0.004 | 0.004 | 0.004 | 0.004 |  0.000 |  158339.000 |  158339.000 |   158339.000 |  158339.000 | GET    | /image/6435.jpg                                         |
|     1 | 0.004 | 0.004 |   0.004 | 0.004 | 0.004 | 0.004 | 0.004 |  0.000 |   75432.000 |   75432.000 |    75432.000 |   75432.000 | GET    | /image/3083.jpg                                         |
|     1 | 0.004 | 0.004 |   0.004 | 0.004 | 0.004 | 0.004 | 0.004 |  0.000 |   58709.000 |   58709.000 |    58709.000 |   58709.000 | GET    | /image/6723.jpg                                         |
|     1 | 0.004 | 0.004 |   0.004 | 0.004 | 0.004 | 0.004 | 0.004 |  0.000 |   60161.000 |   60161.000 |    60161.000 |   60161.000 | GET    | /image/6817.jpg                                         |
|     1 | 0.004 | 0.004 |   0.004 | 0.004 | 0.004 | 0.004 | 0.004 |  0.000 |   63832.000 |   63832.000 |    63832.000 |   63832.000 | GET    | /image/7091.jpg                                         |
|     1 | 0.004 | 0.004 |   0.004 | 0.004 | 0.004 | 0.004 | 0.004 |  0.000 |  111408.000 |  111408.000 |   111408.000 |  111408.000 | GET    | /image/6751.jpg                                         |
|     1 | 0.004 | 0.004 |   0.004 | 0.004 | 0.004 | 0.004 | 0.004 |  0.000 |  107169.000 |  107169.000 |   107169.000 |  107169.000 | GET    | /image/7494.jpg                                         |
|     1 | 0.004 | 0.004 |   0.004 | 0.004 | 0.004 | 0.004 | 0.004 |  0.000 |   50411.000 |   50411.000 |    50411.000 |   50411.000 | GET    | /image/4253.jpg                                         |
|     1 | 0.004 | 0.004 |   0.004 | 0.004 | 0.004 | 0.004 | 0.004 |  0.000 |  243839.000 |  243839.000 |   243839.000 |  243839.000 | GET    | /image/8431.jpg                                         |
|     1 | 0.004 | 0.004 |   0.004 | 0.004 | 0.004 | 0.004 | 0.004 |  0.000 |   90693.000 |   90693.000 |    90693.000 |   90693.000 | GET    | /image/4291.jpg                                         |
|     1 | 0.004 | 0.004 |   0.004 | 0.004 | 0.004 | 0.004 | 0.004 |  0.000 |   75118.000 |   75118.000 |    75118.000 |   75118.000 | GET    | /image/5499.jpg                                         |
|     1 | 0.004 | 0.004 |   0.004 | 0.004 | 0.004 | 0.004 | 0.004 |  0.000 |  155571.000 |  155571.000 |   155571.000 |  155571.000 | GET    | /image/8815.jpg                                         |
|     1 | 0.004 | 0.004 |   0.004 | 0.004 | 0.004 | 0.004 | 0.004 |  0.000 |   75303.000 |   75303.000 |    75303.000 |   75303.000 | GET    | /image/386.jpg                                          |
|     1 | 0.004 | 0.004 |   0.004 | 0.004 | 0.004 | 0.004 | 0.004 |  0.000 |   61697.000 |   61697.000 |    61697.000 |   61697.000 | GET    | /image/433.jpg                                          |
|     1 | 0.004 | 0.004 |   0.004 | 0.004 | 0.004 | 0.004 | 0.004 |  0.000 |  112489.000 |  112489.000 |   112489.000 |  112489.000 | GET    | /image/710.jpg                                          |
|     1 | 0.004 | 0.004 |   0.004 | 0.004 | 0.004 | 0.004 | 0.004 |  0.000 |   66848.000 |   66848.000 |    66848.000 |   66848.000 | GET    | /image/1772.jpg                                         |
|     1 | 0.004 | 0.004 |   0.004 | 0.004 | 0.004 | 0.004 | 0.004 |  0.000 |  120265.000 |  120265.000 |   120265.000 |  120265.000 | GET    | /image/7019.jpg                                         |
|     1 | 0.004 | 0.004 |   0.004 | 0.004 | 0.004 | 0.004 | 0.004 |  0.000 |   53567.000 |   53567.000 |    53567.000 |   53567.000 | GET    | /image/7703.jpg                                         |
|     1 | 0.004 | 0.004 |   0.004 | 0.004 | 0.004 | 0.004 | 0.004 |  0.000 |  141980.000 |  141980.000 |   141980.000 |  141980.000 | GET    | /image/334.jpg                                          |
|     1 | 0.004 | 0.004 |   0.004 | 0.004 | 0.004 | 0.004 | 0.004 |  0.000 |  143764.000 |  143764.000 |   143764.000 |  143764.000 | GET    | /image/3500.jpg                                         |
|     1 | 0.004 | 0.004 |   0.004 | 0.004 | 0.004 | 0.004 | 0.004 |  0.000 |   58920.000 |   58920.000 |    58920.000 |   58920.000 | GET    | /image/4308.jpg                                         |
|     1 | 0.004 | 0.004 |   0.004 | 0.004 | 0.004 | 0.004 | 0.004 |  0.000 |   85968.000 |   85968.000 |    85968.000 |   85968.000 | GET    | /image/1148.jpg                                         |
|     1 | 0.004 | 0.004 |   0.004 | 0.004 | 0.004 | 0.004 | 0.004 |  0.000 |   89132.000 |   89132.000 |    89132.000 |   89132.000 | GET    | /image/2790.jpg                                         |
|     1 | 0.004 | 0.004 |   0.004 | 0.004 | 0.004 | 0.004 | 0.004 |  0.000 |   63937.000 |   63937.000 |    63937.000 |   63937.000 | GET    | /image/4401.jpg                                         |
|     1 | 0.004 | 0.004 |   0.004 | 0.004 | 0.004 | 0.004 | 0.004 |  0.000 |   86078.000 |   86078.000 |    86078.000 |   86078.000 | GET    | /image/523.jpg                                          |
|     1 | 0.004 | 0.004 |   0.004 | 0.004 | 0.004 | 0.004 | 0.004 |  0.000 |   99976.000 |   99976.000 |    99976.000 |   99976.000 | GET    | /image/3594.jpg                                         |
|     1 | 0.004 | 0.004 |   0.004 | 0.004 | 0.004 | 0.004 | 0.004 |  0.000 |   88126.000 |   88126.000 |    88126.000 |   88126.000 | GET    | /image/989.jpg                                          |
|     1 | 0.004 | 0.004 |   0.004 | 0.004 | 0.004 | 0.004 | 0.004 |  0.000 |   84923.000 |   84923.000 |    84923.000 |   84923.000 | GET    | /image/6591.jpg                                         |
|     1 | 0.004 | 0.004 |   0.004 | 0.004 | 0.004 | 0.004 | 0.004 |  0.000 |  104567.000 |  104567.000 |   104567.000 |  104567.000 | GET    | /image/8698.jpg                                         |
|     2 | 0.001 | 0.003 |   0.004 | 0.002 | 0.001 | 0.001 | 0.001 |  0.001 |   89800.000 |   89800.000 |   179600.000 |   89800.000 | GET    | /image/8920.jpg                                         |
|     1 | 0.004 | 0.004 |   0.004 | 0.004 | 0.004 | 0.004 | 0.004 |  0.000 |  111319.000 |  111319.000 |   111319.000 |  111319.000 | GET    | /image/4057.jpg                                         |
|     1 | 0.004 | 0.004 |   0.004 | 0.004 | 0.004 | 0.004 | 0.004 |  0.000 |  176911.000 |  176911.000 |   176911.000 |  176911.000 | GET    | /image/4372.jpg                                         |
|     2 | 0.001 | 0.003 |   0.004 | 0.002 | 0.001 | 0.001 | 0.001 |  0.001 |   66664.000 |   66671.000 |   133335.000 |   66667.500 | GET    | /image/9118.jpg                                         |
|     1 | 0.004 | 0.004 |   0.004 | 0.004 | 0.004 | 0.004 | 0.004 |  0.000 |  146098.000 |  146098.000 |   146098.000 |  146098.000 | GET    | /image/8430.jpg                                         |
|     1 | 0.004 | 0.004 |   0.004 | 0.004 | 0.004 | 0.004 | 0.004 |  0.000 |   97388.000 |   97388.000 |    97388.000 |   97388.000 | GET    | /image/6115.jpg                                         |
|     1 | 0.004 | 0.004 |   0.004 | 0.004 | 0.004 | 0.004 | 0.004 |  0.000 |   75203.000 |   75203.000 |    75203.000 |   75203.000 | GET    | /image/1339.jpg                                         |
|     1 | 0.004 | 0.004 |   0.004 | 0.004 | 0.004 | 0.004 | 0.004 |  0.000 |   74245.000 |   74245.000 |    74245.000 |   74245.000 | GET    | /image/3890.jpg                                         |
|     1 | 0.004 | 0.004 |   0.004 | 0.004 | 0.004 | 0.004 | 0.004 |  0.000 |  103030.000 |  103030.000 |   103030.000 |  103030.000 | GET    | /image/6197.jpg                                         |
|     1 | 0.004 | 0.004 |   0.004 | 0.004 | 0.004 | 0.004 | 0.004 |  0.000 |  130948.000 |  130948.000 |   130948.000 |  130948.000 | GET    | /image/1052.jpg                                         |
|     1 | 0.004 | 0.004 |   0.004 | 0.004 | 0.004 | 0.004 | 0.004 |  0.000 |   81358.000 |   81358.000 |    81358.000 |   81358.000 | GET    | /image/7303.jpg                                         |
|     1 | 0.004 | 0.004 |   0.004 | 0.004 | 0.004 | 0.004 | 0.004 |  0.000 |  128585.000 |  128585.000 |   128585.000 |  128585.000 | GET    | /image/8679.jpg                                         |
|     1 | 0.004 | 0.004 |   0.004 | 0.004 | 0.004 | 0.004 | 0.004 |  0.000 |   82843.000 |   82843.000 |    82843.000 |   82843.000 | GET    | /image/4780.jpg                                         |
|     1 | 0.004 | 0.004 |   0.004 | 0.004 | 0.004 | 0.004 | 0.004 |  0.000 |   57772.000 |   57772.000 |    57772.000 |   57772.000 | GET    | /image/3479.jpg                                         |
|     1 | 0.004 | 0.004 |   0.004 | 0.004 | 0.004 | 0.004 | 0.004 |  0.000 |   66692.000 |   66692.000 |    66692.000 |   66692.000 | GET    | /image/29.jpg                                           |
|     1 | 0.004 | 0.004 |   0.004 | 0.004 | 0.004 | 0.004 | 0.004 |  0.000 |   63734.000 |   63734.000 |    63734.000 |   63734.000 | GET    | /image/2419.jpg                                         |
|     1 | 0.003 | 0.003 |   0.003 | 0.003 | 0.003 | 0.003 | 0.003 |  0.000 |   49095.000 |   49095.000 |    49095.000 |   49095.000 | GET    | /image/5380.jpg                                         |
|     1 | 0.003 | 0.003 |   0.003 | 0.003 | 0.003 | 0.003 | 0.003 |  0.000 |   62983.000 |   62983.000 |    62983.000 |   62983.000 | GET    | /image/6120.jpg                                         |
|     1 | 0.003 | 0.003 |   0.003 | 0.003 | 0.003 | 0.003 | 0.003 |  0.000 |   85092.000 |   85092.000 |    85092.000 |   85092.000 | GET    | /image/8342.jpg                                         |
|     1 | 0.003 | 0.003 |   0.003 | 0.003 | 0.003 | 0.003 | 0.003 |  0.000 |   99016.000 |   99016.000 |    99016.000 |   99016.000 | GET    | /image/6697.jpg                                         |
|     1 | 0.003 | 0.003 |   0.003 | 0.003 | 0.003 | 0.003 | 0.003 |  0.000 |   96892.000 |   96892.000 |    96892.000 |   96892.000 | GET    | /image/1392.jpg                                         |
|     1 | 0.003 | 0.003 |   0.003 | 0.003 | 0.003 | 0.003 | 0.003 |  0.000 |   85789.000 |   85789.000 |    85789.000 |   85789.000 | GET    | /image/8494.jpg                                         |
|     1 | 0.003 | 0.003 |   0.003 | 0.003 | 0.003 | 0.003 | 0.003 |  0.000 |   63971.000 |   63971.000 |    63971.000 |   63971.000 | GET    | /image/619.jpg                                          |
|     1 | 0.003 | 0.003 |   0.003 | 0.003 | 0.003 | 0.003 | 0.003 |  0.000 |   90015.000 |   90015.000 |    90015.000 |   90015.000 | GET    | /image/6489.jpg                                         |
|     1 | 0.003 | 0.003 |   0.003 | 0.003 | 0.003 | 0.003 | 0.003 |  0.000 |   41898.000 |   41898.000 |    41898.000 |   41898.000 | GET    | /image/7966.jpg                                         |
|     1 | 0.003 | 0.003 |   0.003 | 0.003 | 0.003 | 0.003 | 0.003 |  0.000 |   58756.000 |   58756.000 |    58756.000 |   58756.000 | GET    | /image/8689.jpg                                         |
|     1 | 0.003 | 0.003 |   0.003 | 0.003 | 0.003 | 0.003 | 0.003 |  0.000 |   91334.000 |   91334.000 |    91334.000 |   91334.000 | GET    | /image/5139.jpg                                         |
|     1 | 0.003 | 0.003 |   0.003 | 0.003 | 0.003 | 0.003 | 0.003 |  0.000 |   65373.000 |   65373.000 |    65373.000 |   65373.000 | GET    | /image/3888.jpg                                         |
|     1 | 0.003 | 0.003 |   0.003 | 0.003 | 0.003 | 0.003 | 0.003 |  0.000 |  108506.000 |  108506.000 |   108506.000 |  108506.000 | GET    | /image/3135.jpg                                         |
|     1 | 0.003 | 0.003 |   0.003 | 0.003 | 0.003 | 0.003 | 0.003 |  0.000 |  134038.000 |  134038.000 |   134038.000 |  134038.000 | GET    | /image/153.jpg                                          |
|     1 | 0.003 | 0.003 |   0.003 | 0.003 | 0.003 | 0.003 | 0.003 |  0.000 |   66388.000 |   66388.000 |    66388.000 |   66388.000 | GET    | /image/5710.jpg                                         |
|     1 | 0.003 | 0.003 |   0.003 | 0.003 | 0.003 | 0.003 | 0.003 |  0.000 |  104661.000 |  104661.000 |   104661.000 |  104661.000 | GET    | /image/5814.jpg                                         |
|     1 | 0.003 | 0.003 |   0.003 | 0.003 | 0.003 | 0.003 | 0.003 |  0.000 |   86950.000 |   86950.000 |    86950.000 |   86950.000 | GET    | /image/6661.jpg                                         |
|     1 | 0.003 | 0.003 |   0.003 | 0.003 | 0.003 | 0.003 | 0.003 |  0.000 |   86176.000 |   86176.000 |    86176.000 |   86176.000 | GET    | /image/85.jpg                                           |
|     1 | 0.003 | 0.003 |   0.003 | 0.003 | 0.003 | 0.003 | 0.003 |  0.000 |   97343.000 |   97343.000 |    97343.000 |   97343.000 | GET    | /image/7633.jpg                                         |
|     1 | 0.003 | 0.003 |   0.003 | 0.003 | 0.003 | 0.003 | 0.003 |  0.000 |  103340.000 |  103340.000 |   103340.000 |  103340.000 | GET    | /image/7732.jpg                                         |
|     1 | 0.003 | 0.003 |   0.003 | 0.003 | 0.003 | 0.003 | 0.003 |  0.000 |   94323.000 |   94323.000 |    94323.000 |   94323.000 | GET    | /image/7070.jpg                                         |
|     1 | 0.003 | 0.003 |   0.003 | 0.003 | 0.003 | 0.003 | 0.003 |  0.000 |   52068.000 |   52068.000 |    52068.000 |   52068.000 | GET    | /image/5247.jpg                                         |
|     1 | 0.003 | 0.003 |   0.003 | 0.003 | 0.003 | 0.003 | 0.003 |  0.000 |   57967.000 |   57967.000 |    57967.000 |   57967.000 | GET    | /image/934.jpg                                          |
|     1 | 0.003 | 0.003 |   0.003 | 0.003 | 0.003 | 0.003 | 0.003 |  0.000 |   79416.000 |   79416.000 |    79416.000 |   79416.000 | GET    | /image/5306.jpg                                         |
|     1 | 0.002 | 0.002 |   0.002 | 0.002 | 0.002 | 0.002 | 0.002 |  0.000 |  116933.000 |  116933.000 |   116933.000 |  116933.000 | GET    | /image/1364.jpg                                         |
|     1 | 0.002 | 0.002 |   0.002 | 0.002 | 0.002 | 0.002 | 0.002 |  0.000 |  581780.000 |  581780.000 |   581780.000 |  581780.000 | GET    | /image/5471.gif                                         |
|     2 | 0.000 | 0.002 |   0.002 | 0.001 | 0.000 | 0.000 | 0.000 |  0.001 |   58816.000 |   58816.000 |   117632.000 |   58816.000 | GET    | /image/9723.jpg                                         |
|     1 | 0.002 | 0.002 |   0.002 | 0.002 | 0.002 | 0.002 | 0.002 |  0.000 |   47058.000 |   47058.000 |    47058.000 |   47058.000 | GET    | /image/4118.jpg                                         |
|     1 | 0.002 | 0.002 |   0.002 | 0.002 | 0.002 | 0.002 | 0.002 |  0.000 |   42933.000 |   42933.000 |    42933.000 |   42933.000 | GET    | /image/7304.jpg                                         |
|     1 | 0.001 | 0.001 |   0.001 | 0.001 | 0.001 | 0.001 | 0.001 |  0.000 |  303656.000 |  303656.000 |   303656.000 |  303656.000 | GET    | /image/7283.jpg                                         |
|     1 | 0.001 | 0.001 |   0.001 | 0.001 | 0.001 | 0.001 | 0.001 |  0.000 |   93510.000 |   93510.000 |    93510.000 |   93510.000 | GET    | /image/5766.jpg                                         |
|     1 | 0.001 | 0.001 |   0.001 | 0.001 | 0.001 | 0.001 | 0.001 |  0.000 |  169178.000 |  169178.000 |   169178.000 |  169178.000 | GET    | /image/3734.jpg                                         |
|     1 | 0.001 | 0.001 |   0.001 | 0.001 | 0.001 | 0.001 | 0.001 |  0.000 |  120823.000 |  120823.000 |   120823.000 |  120823.000 | GET    | /image/3819.jpg                                         |
|     1 | 0.001 | 0.001 |   0.001 | 0.001 | 0.001 | 0.001 | 0.001 |  0.000 |   84828.000 |   84828.000 |    84828.000 |   84828.000 | GET    | /image/899.jpg                                          |
|     1 | 0.001 | 0.001 |   0.001 | 0.001 | 0.001 | 0.001 | 0.001 |  0.000 |  124292.000 |  124292.000 |   124292.000 |  124292.000 | GET    | /image/2393.jpg                                         |
|     1 | 0.001 | 0.001 |   0.001 | 0.001 | 0.001 | 0.001 | 0.001 |  0.000 |  161258.000 |  161258.000 |   161258.000 |  161258.000 | GET    | /image/4959.jpg                                         |
|     1 | 0.001 | 0.001 |   0.001 | 0.001 | 0.001 | 0.001 | 0.001 |  0.000 |   84264.000 |   84264.000 |    84264.000 |   84264.000 | GET    | /image/8223.jpg                                         |
|     1 | 0.001 | 0.001 |   0.001 | 0.001 | 0.001 | 0.001 | 0.001 |  0.000 |  316321.000 |  316321.000 |   316321.000 |  316321.000 | GET    | /image/5225.jpg                                         |
|     1 | 0.001 | 0.001 |   0.001 | 0.001 | 0.001 | 0.001 | 0.001 |  0.000 |   63556.000 |   63556.000 |    63556.000 |   63556.000 | GET    | /image/2460.jpg                                         |
|     1 | 0.000 | 0.000 |   0.000 | 0.000 | 0.000 | 0.000 | 0.000 |  0.000 |  168359.000 |  168359.000 |   168359.000 |  168359.000 | GET    | /image/3558.jpg                                         |
|     1 | 0.000 | 0.000 |   0.000 | 0.000 | 0.000 | 0.000 | 0.000 |  0.000 |   91888.000 |   91888.000 |    91888.000 |   91888.000 | GET    | /image/2503.jpg                                         |
|     1 | 0.000 | 0.000 |   0.000 | 0.000 | 0.000 | 0.000 | 0.000 |  0.000 |   75999.000 |   75999.000 |    75999.000 |   75999.000 | GET    | /image/7062.jpg                                         |
|     1 | 0.000 | 0.000 |   0.000 | 0.000 | 0.000 | 0.000 | 0.000 |  0.000 |  119216.000 |  119216.000 |   119216.000 |  119216.000 | GET    | /image/2497.jpg                                         |
|     1 | 0.000 | 0.000 |   0.000 | 0.000 | 0.000 | 0.000 | 0.000 |  0.000 |  101180.000 |  101180.000 |   101180.000 |  101180.000 | GET    | /image/7420.jpg                                         |
|     1 | 0.000 | 0.000 |   0.000 | 0.000 | 0.000 | 0.000 | 0.000 |  0.000 |  119392.000 |  119392.000 |   119392.000 |  119392.000 | GET    | /image/6603.jpg                                         |
|     1 | 0.000 | 0.000 |   0.000 | 0.000 | 0.000 | 0.000 | 0.000 |  0.000 |   68502.000 |   68502.000 |    68502.000 |   68502.000 | GET    | /image/5561.jpg                                         |
|     2 | 0.000 | 0.000 |   0.000 | 0.000 | 0.000 | 0.000 | 0.000 |  0.000 |   79355.000 |   79355.000 |   158710.000 |   79355.000 | GET    | /image/7493.jpg                                         |
+-------+-------+-------+---------+-------+-------+-------+-------+--------+-------------+-------------+--------------+-------------+--------+---------------------------------------------------------+
